Date,High,Low,Open,Close,Volume,Adj Close
2010-01-04,28.270000457763672,27.690000534057617,28.030000686645508,27.760000228881836,1299300.0,18.896442413330078
2010-01-05,27.84000015258789,27.40999984741211,27.770000457763672,27.649999618530273,1422200.0,18.821563720703125
2010-01-06,27.889999389648438,27.350000381469727,27.610000610351562,27.459999084472656,1880300.0,18.69222640991211
2010-01-07,27.469999313354492,27.049999237060547,27.469999313354492,27.200000762939453,936900.0,18.51524543762207
2010-01-08,27.219999313354492,26.829999923706055,27.219999313354492,27.010000228881836,954100.0,18.38591194152832
2010-01-11,27.280000686645508,27.049999237060547,27.049999237060547,27.229999542236328,997900.0,18.53566551208496
2010-01-12,27.459999084472656,27.09000015258789,27.149999618530273,27.200000762939453,1021900.0,18.51524543762207
2010-01-13,27.489999771118164,27.139999389648438,27.200000762939453,27.3799991607666,1240900.0,18.63776969909668
2010-01-14,27.5,27.25,27.260000228881836,27.479999542236328,763100.0,18.705842971801758
2010-01-15,27.479999542236328,26.920000076293945,27.40999984741211,27.34000015258789,1776100.0,18.61054229736328
2010-01-19,27.739999771118164,27.270000457763672,27.3700008392334,27.690000534057617,1273000.0,18.848787307739258
2010-01-20,27.540000915527344,27.030000686645508,27.5,27.170000076293945,1638600.0,18.494823455810547
2010-01-21,27.399999618530273,26.219999313354492,27.209999084472656,26.520000457763672,4065200.0,18.0523624420166
2010-01-22,26.579999923706055,25.75,26.579999923706055,25.780000686645508,2570000.0,17.548641204833984
2010-01-25,26.06999969482422,25.760000228881836,26.010000228881836,25.90999984741211,1582000.0,17.63713264465332
2010-01-26,26.079999923706055,25.729999542236328,25.860000610351562,25.979999542236328,1525100.0,17.684778213500977
2010-01-27,26.049999237060547,25.600000381469727,25.950000762939453,25.989999771118164,1943700.0,17.691585540771484
2010-01-28,26.030000686645508,25.5,25.8799991607666,25.729999542236328,1887900.0,17.514604568481445
2010-01-29,25.93000030517578,25.510000228881836,25.860000610351562,25.549999237060547,1583000.0,17.392074584960938
2010-02-01,25.75,25.31999969482422,25.59000015258789,25.489999771118164,1714600.0,17.351234436035156
2010-02-02,25.780000686645508,25.25,25.479999542236328,25.770000457763672,1981000.0,17.541828155517578
2010-02-03,25.649999618530273,25.290000915527344,25.309999465942383,25.610000610351562,2162500.0,17.432918548583984
2010-02-04,25.459999084472656,24.979999542236328,25.450000762939453,24.979999542236328,1652900.0,17.004072189331055
2010-02-05,25.030000686645508,24.450000762939453,25.0,24.860000610351562,2836400.0,16.922388076782227
2010-02-08,24.989999771118164,24.420000076293945,24.989999771118164,24.420000076293945,1857800.0,16.622875213623047
2010-02-09,24.989999771118164,24.510000228881836,24.6200008392334,24.6299991607666,1916200.0,16.765823364257812
2010-02-10,24.65999984741211,24.290000915527344,24.65999984741211,24.40999984741211,2090500.0,16.616069793701172
2010-02-11,24.709999084472656,24.139999389648438,24.40999984741211,24.6299991607666,2604900.0,16.765823364257812
2010-02-12,24.6299991607666,24.25,24.459999084472656,24.559999465942383,1986800.0,16.718168258666992
2010-02-16,25.149999618530273,24.709999084472656,24.760000228881836,25.09000015258789,1454800.0,17.078950881958008
2010-02-17,25.399999618530273,25.059999465942383,25.219999313354492,25.399999618530273,1957500.0,17.28996467590332
2010-02-18,26.25,25.469999313354492,25.469999313354492,25.639999389648438,3138500.0,17.453344345092773
2010-02-19,26.059999465942383,25.350000381469727,25.6200008392334,25.649999618530273,2066000.0,17.46015167236328
2010-02-22,25.81999969482422,25.360000610351562,25.799999237060547,25.40999984741211,1396900.0,17.296783447265625
2010-02-23,25.469999313354492,25.170000076293945,25.420000076293945,25.290000915527344,1402600.0,17.2150936126709
2010-02-24,25.450000762939453,24.889999389648438,25.34000015258789,25.139999389648438,1640200.0,17.112979888916016
2010-02-25,25.06999969482422,24.65999984741211,24.90999984741211,25.06999969482422,1876100.0,17.065336227416992
2010-02-26,25.1200008392334,24.649999618530273,25.1200008392334,24.709999084472656,2139100.0,16.82027816772461
2010-03-01,25.139999389648438,24.81999969482422,24.81999969482422,25.040000915527344,1375600.0,17.0449161529541
2010-03-02,25.360000610351562,25.1299991607666,25.170000076293945,25.329999923706055,1253100.0,17.242319107055664
2010-03-03,25.530000686645508,25.280000686645508,25.34000015258789,25.43000030517578,1580800.0,17.310392379760742
2010-03-04,25.600000381469727,25.299999237060547,25.420000076293945,25.59000015258789,1604000.0,17.41930389404297
2010-03-05,25.940000534057617,25.600000381469727,25.739999771118164,25.940000534057617,2016800.0,17.65755271911621
2010-03-08,25.530000686645508,25.309999465942383,25.440000534057617,25.5,1957300.0,17.619552612304688
2010-03-09,25.610000610351562,25.3700008392334,25.440000534057617,25.56999969482422,1365600.0,17.667909622192383
2010-03-10,25.780000686645508,25.450000762939453,25.579999923706055,25.56999969482422,1601300.0,17.667909622192383
2010-03-11,25.760000228881836,25.360000610351562,25.559999465942383,25.760000228881836,1269000.0,17.799198150634766
2010-03-12,25.889999389648438,25.5,25.81999969482422,25.510000228881836,1175200.0,17.6264591217041
2010-03-15,25.600000381469727,25.350000381469727,25.520000457763672,25.489999771118164,1699600.0,17.612646102905273
2010-03-16,25.579999923706055,25.399999618530273,25.450000762939453,25.5,1448400.0,17.619552612304688
2010-03-17,25.700000762939453,25.43000030517578,25.5,25.670000076293945,1014500.0,17.737010955810547
2010-03-18,26.0,25.670000076293945,25.690000534057617,26.0,1627400.0,17.965024948120117
2010-03-19,26.200000762939453,25.829999923706055,26.040000915527344,26.040000915527344,2912200.0,17.99266815185547
2010-03-22,25.969999313354492,25.649999618530273,25.950000762939453,25.81999969482422,1865900.0,17.840656280517578
2010-03-23,25.899999618530273,25.729999542236328,25.790000915527344,25.8799991607666,936900.0,17.882110595703125
2010-03-24,25.889999389648438,25.489999771118164,25.760000228881836,25.5,1336700.0,17.619552612304688
2010-03-25,25.68000030517578,25.280000686645508,25.56999969482422,25.290000915527344,1730700.0,17.47444725036621
2010-03-26,25.739999771118164,25.31999969482422,25.450000762939453,25.6299991607666,2368600.0,17.709367752075195
2010-03-29,25.989999771118164,25.610000610351562,25.739999771118164,25.93000030517578,1529400.0,17.916658401489258
2010-03-30,26.18000030517578,25.8799991607666,25.989999771118164,26.09000015258789,1218900.0,18.0272159576416
2010-03-31,26.139999389648438,25.860000610351562,26.110000610351562,26.079999923706055,1887300.0,18.02030372619629
2010-04-01,26.450000762939453,26.190000534057617,26.200000762939453,26.450000762939453,1258600.0,18.275962829589844
2010-04-05,26.549999237060547,26.350000381469727,26.549999237060547,26.479999542236328,1780900.0,18.296689987182617
2010-04-06,26.649999618530273,26.31999969482422,26.389999389648438,26.649999618530273,1051800.0,18.414154052734375
2010-04-07,26.719999313354492,26.399999618530273,26.639999389648438,26.459999084472656,1399600.0,18.282867431640625
2010-04-08,26.43000030517578,26.190000534057617,26.420000076293945,26.270000457763672,1206700.0,18.151592254638672
2010-04-09,26.510000228881836,26.18000030517578,26.260000228881836,26.510000228881836,959100.0,18.317424774169922
2010-04-12,26.780000686645508,26.510000228881836,26.510000228881836,26.729999542236328,950200.0,18.469432830810547
2010-04-13,26.739999771118164,26.469999313354492,26.709999084472656,26.59000015258789,1104100.0,18.372699737548828
2010-04-14,26.65999984741211,26.40999984741211,26.559999465942383,26.649999618530273,1239500.0,18.414154052734375
2010-04-15,26.649999618530273,26.280000686645508,26.549999237060547,26.649999618530273,1390400.0,18.414154052734375
2010-04-16,26.75,26.309999465942383,26.610000610351562,26.350000381469727,1733700.0,18.206865310668945
2010-04-19,26.399999618530273,26.149999618530273,26.270000457763672,26.299999237060547,1375400.0,18.172317504882812
2010-04-20,26.700000762939453,26.3700008392334,26.450000762939453,26.700000762939453,1297100.0,18.448701858520508
2010-04-21,26.920000076293945,26.65999984741211,26.75,26.90999984741211,1418100.0,18.593801498413086
2010-04-22,26.899999618530273,26.450000762939453,26.899999618530273,26.639999389648438,1930600.0,18.407245635986328
2010-04-23,26.81999969482422,26.450000762939453,26.6200008392334,26.81999969482422,1265200.0,18.531618118286133
2010-04-26,26.860000610351562,26.6299991607666,26.860000610351562,26.68000030517578,964200.0,18.434886932373047
2010-04-27,26.56999969482422,26.1299991607666,26.520000457763672,26.15999984741211,1515600.0,18.075580596923828
2010-04-28,26.559999465942383,26.020000457763672,26.229999542236328,26.469999313354492,1627400.0,18.289775848388672
2010-04-29,26.850000381469727,26.34000015258789,26.549999237060547,26.360000610351562,2314800.0,18.213775634765625
2010-04-30,26.290000915527344,25.110000610351562,26.040000915527344,25.959999084472656,4132500.0,17.937393188476562
2010-05-03,26.040000915527344,25.6200008392334,25.93000030517578,25.770000457763672,2290300.0,17.806106567382812
2010-05-04,25.670000076293945,25.350000381469727,25.6299991607666,25.639999389648438,2510900.0,17.716279983520508
2010-05-05,25.809999465942383,25.170000076293945,25.190000534057617,25.489999771118164,2421400.0,17.612646102905273
2010-05-06,25.479999542236328,23.09000015258789,25.360000610351562,24.65999984741211,4297900.0,17.03913688659668
2010-05-07,24.780000686645508,23.799999237060547,24.719999313354492,24.200000762939453,3802200.0,16.721298217773438
2010-05-10,25.209999084472656,24.690000534057617,25.010000228881836,25.200000762939453,2377600.0,17.412263870239258
2010-05-11,25.5,25.010000228881836,25.010000228881836,25.239999771118164,2102300.0,17.439899444580078
2010-05-12,25.540000915527344,25.049999237060547,25.190000534057617,25.5,1696200.0,17.619552612304688
2010-05-13,25.6200008392334,25.200000762939453,25.5,25.270000457763672,1553300.0,17.46062660217285
2010-05-14,25.299999237060547,24.81999969482422,25.149999618530273,25.09000015258789,1869000.0,17.336254119873047
2010-05-17,25.260000228881836,24.780000686645508,25.190000534057617,25.15999984741211,1363700.0,17.384624481201172
2010-05-18,25.649999618530273,24.979999542236328,25.309999465942383,25.030000686645508,1696200.0,17.294795989990234
2010-05-19,25.040000915527344,24.420000076293945,24.940000534057617,24.700000762939453,1799500.0,17.06678009033203
2010-05-20,24.6299991607666,24.0,24.329999923706055,24.139999389648438,3218600.0,16.67983627319336
2010-05-21,24.190000534057617,23.75,23.8799991607666,24.139999389648438,3656700.0,16.67983627319336
2010-05-24,24.43000030517578,23.84000015258789,24.0,23.959999084472656,1853200.0,16.555463790893555
2010-05-25,23.780000686645508,23.139999389648438,23.649999618530273,23.739999771118164,3179600.0,16.40345001220703
2010-05-26,24.299999237060547,23.65999984741211,23.940000534057617,23.90999984741211,2443900.0,16.520917892456055
2010-05-27,24.479999542236328,24.149999618530273,24.299999237060547,24.40999984741211,1436500.0,16.86639976501465
2010-05-28,24.920000076293945,24.239999771118164,24.450000762939453,24.65999984741211,3452900.0,17.03913688659668
2010-06-01,24.510000228881836,23.950000762939453,24.469999313354492,23.969999313354492,2370600.0,16.562374114990234
2010-06-02,24.59000015258789,24.030000686645508,24.049999237060547,24.559999465942383,2568600.0,16.97003936767578
2010-06-03,24.93000030517578,24.559999465942383,24.600000381469727,24.860000610351562,1996800.0,17.177331924438477
2010-06-04,24.639999389648438,24.049999237060547,24.489999771118164,24.09000015258789,2832900.0,16.645288467407227
2010-06-07,24.149999618530273,23.65999984741211,23.65999984741211,23.889999389648438,2527100.0,16.775188446044922
2010-06-08,24.020000457763672,23.690000534057617,23.959999084472656,23.989999771118164,2129700.0,16.845415115356445
2010-06-09,24.170000076293945,23.729999542236328,24.110000610351562,23.799999237060547,1784200.0,16.71200180053711
2010-06-10,24.260000228881836,23.889999389648438,24.049999237060547,24.25,2285000.0,17.027984619140625
2010-06-11,24.219999313354492,23.84000015258789,24.079999923706055,24.1200008392334,1676700.0,16.93669891357422
2010-06-14,24.34000015258789,24.1299991607666,24.15999984741211,24.15999984741211,1219500.0,16.964786529541016
2010-06-15,24.889999389648438,24.329999923706055,24.329999923706055,24.8700008392334,1999400.0,17.463336944580078
2010-06-16,25.40999984741211,24.709999084472656,24.709999084472656,25.219999313354492,2614300.0,17.7091007232666
2010-06-17,25.559999465942383,25.079999923706055,25.299999237060547,25.559999465942383,1564600.0,17.947847366333008
2010-06-18,25.610000610351562,25.43000030517578,25.540000915527344,25.540000915527344,1866100.0,17.933801651000977
2010-06-21,25.770000457763672,25.239999771118164,25.709999084472656,25.31999969482422,1237800.0,17.77931785583496
2010-06-22,25.399999618530273,24.59000015258789,25.290000915527344,24.639999389648438,1751100.0,17.301834106445312
2010-06-23,24.709999084472656,24.190000534057617,24.68000030517578,24.31999969482422,1204300.0,17.077136993408203
2010-06-24,24.530000686645508,24.18000030517578,24.280000686645508,24.219999313354492,1246900.0,17.006914138793945
2010-06-25,24.399999618530273,24.0,24.190000534057617,24.260000228881836,1657700.0,17.035003662109375
2010-06-28,24.59000015258789,24.209999084472656,24.40999984741211,24.450000762939453,859100.0,17.168418884277344
2010-06-29,24.260000228881836,23.799999237060547,24.209999084472656,23.93000030517578,2110000.0,16.80328369140625
2010-06-30,24.280000686645508,23.719999313354492,23.950000762939453,23.770000457763672,2083300.0,16.690937042236328
2010-07-01,23.829999923706055,23.450000762939453,23.81999969482422,23.59000015258789,1988200.0,16.564537048339844
2010-07-02,23.850000381469727,23.59000015258789,23.6299991607666,23.68000030517578,1120600.0,16.627735137939453
2010-07-06,24.219999313354492,23.729999542236328,23.84000015258789,23.959999084472656,1501100.0,16.8243465423584
2010-07-07,24.690000534057617,23.989999771118164,24.020000457763672,24.690000534057617,1287000.0,17.336946487426758
2010-07-08,24.8799991607666,24.559999465942383,24.829999923706055,24.799999237060547,1843900.0,17.414180755615234
2010-07-09,24.899999618530273,24.469999313354492,24.770000457763672,24.899999618530273,1276900.0,17.484399795532227
2010-07-12,25.0,24.709999084472656,24.860000610351562,24.93000030517578,783600.0,17.505470275878906
2010-07-13,25.270000457763672,24.920000076293945,25.010000228881836,25.06999969482422,1067500.0,17.603771209716797
2010-07-14,25.09000015258789,24.799999237060547,24.989999771118164,25.040000915527344,1615900.0,17.58271026611328
2010-07-15,25.1299991607666,24.75,24.940000534057617,25.079999923706055,1494800.0,17.61079978942871
2010-07-16,25.06999969482422,24.56999969482422,24.899999618530273,24.600000381469727,1580800.0,17.273752212524414
2010-07-19,25.270000457763672,24.709999084472656,24.709999084472656,25.139999389648438,1597900.0,17.652925491333008
2010-07-20,25.030000686645508,24.6200008392334,24.959999084472656,25.020000457763672,2525300.0,17.568666458129883
2010-07-21,25.09000015258789,24.520000457763672,25.09000015258789,24.68000030517578,1344100.0,17.329917907714844
2010-07-22,25.229999542236328,24.8799991607666,24.899999618530273,25.06999969482422,1490400.0,17.603771209716797
2010-07-23,25.420000076293945,24.850000381469727,25.1200008392334,25.290000915527344,1672700.0,17.758255004882812
2010-07-26,25.670000076293945,25.299999237060547,25.329999923706055,25.649999618530273,1230000.0,18.011037826538086
2010-07-27,26.190000534057617,25.719999313354492,25.799999237060547,26.1200008392334,2661300.0,18.3410701751709
2010-07-28,26.260000228881836,25.920000076293945,26.06999969482422,26.200000762939453,2625100.0,18.397241592407227
2010-07-29,26.40999984741211,25.610000610351562,26.31999969482422,25.799999237060547,1773700.0,18.116363525390625
2010-07-30,25.6200008392334,25.209999084472656,25.6200008392334,25.3700008392334,1744800.0,17.814428329467773
2010-08-02,26.0,25.65999984741211,25.75,25.90999984741211,1630200.0,18.193613052368164
2010-08-03,26.15999984741211,25.799999237060547,25.809999465942383,26.110000610351562,1412600.0,18.33404541015625
2010-08-04,26.190000534057617,25.8799991607666,26.139999389648438,26.15999984741211,1671600.0,18.36915397644043
2010-08-05,27.270000457763672,26.25,26.31999969482422,27.040000915527344,4766400.0,18.987079620361328
2010-08-06,27.200000762939453,26.709999084472656,26.889999389648438,27.200000762939453,2807100.0,19.099428176879883
2010-08-09,27.399999618530273,27.190000534057617,27.34000015258789,27.309999465942383,2475800.0,19.176666259765625
2010-08-10,27.799999237060547,26.90999984741211,27.040000915527344,27.6200008392334,2285100.0,19.394344329833984
2010-08-11,27.3700008392334,27.010000228881836,27.239999771118164,27.020000457763672,2629700.0,18.973031997680664
2010-08-12,26.940000534057617,26.600000381469727,26.75,26.719999313354492,2314500.0,18.762378692626953
2010-08-13,27.670000076293945,26.420000076293945,26.56999969482422,27.579999923706055,5025000.0,19.366252899169922
2010-08-16,28.09000015258789,27.350000381469727,27.440000534057617,28.09000015258789,4358800.0,19.72437286376953
2010-08-17,28.520000457763672,27.959999084472656,28.239999771118164,27.969999313354492,3847700.0,19.640106201171875
2010-08-18,28.020000457763672,27.440000534057617,28.020000457763672,27.59000015258789,3436100.0,19.373275756835938
2010-08-19,27.520000457763672,26.93000030517578,27.440000534057617,27.110000610351562,2100400.0,19.036226272583008
2010-08-20,27.190000534057617,26.6200008392334,26.8799991607666,27.139999389648438,1963000.0,19.057294845581055
2010-08-23,27.899999618530273,27.270000457763672,27.299999237060547,27.65999984741211,2862900.0,19.42243194580078
2010-08-24,28.110000610351562,27.309999465942383,27.40999984741211,28.040000915527344,3569100.0,19.689258575439453
2010-08-25,28.049999237060547,27.6200008392334,27.809999465942383,27.940000534057617,4409200.0,19.61904525756836
2010-08-26,28.059999465942383,27.68000030517578,28.010000228881836,27.75,2010400.0,19.485631942749023
2010-08-27,28.31999969482422,27.65999984741211,27.899999618530273,28.270000457763672,2291900.0,19.850767135620117
2010-08-30,28.350000381469727,27.56999969482422,28.239999771118164,27.610000610351562,2639800.0,19.3873233795166
2010-08-31,28.1200008392334,27.420000076293945,27.530000686645508,28.06999969482422,2879300.0,19.7103271484375
2010-09-01,28.969999313354492,28.290000915527344,28.3799991607666,28.889999389648438,2266000.0,20.286117553710938
2010-09-02,28.989999771118164,28.3700008392334,28.790000915527344,28.459999084472656,3445900.0,19.98417854309082
2010-09-03,28.790000915527344,28.459999084472656,28.790000915527344,28.649999618530273,3029900.0,20.117597579956055
2010-09-07,28.420000076293945,28.020000457763672,28.309999465942383,28.110000610351562,1997600.0,20.007274627685547
2010-09-08,28.239999771118164,27.6299991607666,28.1299991607666,27.709999084472656,2310500.0,19.722578048706055
2010-09-09,28.09000015258789,27.729999542236328,28.010000228881836,27.739999771118164,2844700.0,19.74392318725586
2010-09-10,27.81999969482422,27.559999465942383,27.700000762939453,27.790000915527344,1438300.0,19.779516220092773
2010-09-13,28.18000030517578,27.81999969482422,28.0,28.079999923706055,1600900.0,19.98592185974121
2010-09-14,28.290000915527344,27.8700008392334,28.079999923706055,28.149999618530273,2067100.0,20.03574562072754
2010-09-15,28.209999084472656,27.6200008392334,28.170000076293945,27.799999237060547,2111800.0,19.786630630493164
2010-09-16,27.770000457763672,27.469999313354492,27.770000457763672,27.559999465942383,1566300.0,19.61581039428711
2010-09-17,27.649999618530273,27.34000015258789,27.56999969482422,27.420000076293945,2846500.0,19.516164779663086
2010-09-20,27.68000030517578,27.420000076293945,27.530000686645508,27.610000610351562,2404000.0,19.65140151977539
2010-09-21,27.770000457763672,27.450000762939453,27.610000610351562,27.540000915527344,2010900.0,19.60157585144043
2010-09-22,27.989999771118164,27.530000686645508,27.559999465942383,27.809999465942383,1609800.0,19.793750762939453
2010-09-23,27.81999969482422,27.3799991607666,27.709999084472656,27.40999984741211,1987400.0,19.509050369262695
2010-09-24,28.020000457763672,27.510000228881836,27.56999969482422,27.959999084472656,1586500.0,19.900516510009766
2010-09-27,28.40999984741211,27.90999984741211,28.030000686645508,28.25,2430100.0,20.106916427612305
2010-09-28,28.420000076293945,28.010000228881836,28.229999542236328,28.3700008392334,1695200.0,20.19232749938965
2010-09-29,28.5,28.190000534057617,28.34000015258789,28.440000534057617,1580500.0,20.242149353027344
2010-09-30,28.700000762939453,28.200000762939453,28.639999389648438,28.399999618530273,2351800.0,20.213682174682617
2010-10-01,28.950000762939453,28.43000030517578,28.649999618530273,28.790000915527344,2363700.0,20.491262435913086
2010-10-04,28.920000076293945,28.479999542236328,28.790000915527344,28.65999984741211,2620200.0,20.398733139038086
2010-10-05,29.049999237060547,28.610000610351562,28.979999542236328,29.040000915527344,3443500.0,20.669198989868164
2010-10-06,29.1200008392334,28.729999542236328,28.729999542236328,28.93000030517578,2635300.0,20.590906143188477
2010-10-07,29.190000534057617,28.940000534057617,29.079999923706055,29.15999984741211,1926800.0,20.75461196899414
2010-10-08,29.299999237060547,28.989999771118164,29.200000762939453,29.18000030517578,1638600.0,20.768850326538086
2010-10-11,29.290000915527344,29.049999237060547,29.25,29.18000030517578,1433500.0,20.768850326538086
2010-10-12,29.149999618530273,28.829999923706055,29.100000381469727,28.90999984741211,2225000.0,20.576669692993164
2010-10-13,29.1200008392334,28.829999923706055,29.09000015258789,28.899999618530273,2472900.0,20.569555282592773
2010-10-14,29.059999465942383,28.68000030517578,28.920000076293945,28.770000457763672,1685700.0,20.477027893066406
2010-10-15,29.030000686645508,28.700000762939453,28.889999389648438,28.8799991607666,4193500.0,20.55532455444336
2010-10-18,29.40999984741211,28.90999984741211,28.940000534057617,29.239999771118164,3102600.0,20.81155014038086
2010-10-19,29.170000076293945,28.790000915527344,28.989999771118164,28.940000534057617,2598300.0,20.5980281829834
2010-10-20,29.450000762939453,28.959999084472656,29.040000915527344,29.18000030517578,1925100.0,20.768850326538086
2010-10-21,29.31999969482422,28.84000015258789,29.309999465942383,28.940000534057617,2453700.0,20.5980281829834
2010-10-22,29.020000457763672,28.56999969482422,28.90999984741211,28.829999923706055,1343400.0,20.519733428955078
2010-10-25,29.040000915527344,28.75,28.920000076293945,28.760000228881836,1578000.0,20.469907760620117
2010-10-26,28.8799991607666,28.59000015258789,28.700000762939453,28.68000030517578,1538300.0,20.4129695892334
2010-10-27,28.600000381469727,28.049999237060547,28.59000015258789,28.579999923706055,1970700.0,20.341798782348633
2010-10-28,28.84000015258789,28.440000534057617,28.780000686645508,28.600000381469727,2660600.0,20.356035232543945
2010-10-29,29.010000228881836,28.399999618530273,28.690000534057617,28.979999542236328,2753800.0,20.626495361328125
2010-11-01,29.290000915527344,28.649999618530273,29.170000076293945,28.850000381469727,1479900.0,20.533971786499023
2010-11-02,29.309999465942383,29.079999923706055,29.079999923706055,29.299999237060547,1665200.0,20.854257583618164
2010-11-03,29.3700008392334,28.8700008392334,29.34000015258789,29.040000915527344,1344900.0,20.669198989868164
2010-11-04,29.780000686645508,29.219999313354492,29.219999313354492,29.719999313354492,2122900.0,21.15319061279297
2010-11-05,29.860000610351562,29.549999237060547,29.799999237060547,29.829999923706055,1514000.0,21.231481552124023
2010-11-08,29.889999389648438,29.43000030517578,29.790000915527344,29.540000915527344,1306100.0,21.02507209777832
2010-11-09,29.81999969482422,29.290000915527344,29.520000457763672,29.540000915527344,1683100.0,21.02507209777832
2010-11-10,29.549999237060547,29.149999618530273,29.549999237060547,29.3799991607666,1805200.0,20.911195755004883
2010-11-11,29.450000762939453,29.1200008392334,29.229999542236328,29.280000686645508,1873900.0,20.84001922607422
2010-11-12,29.350000381469727,29.030000686645508,29.209999084472656,29.290000915527344,2077400.0,20.84714126586914
2010-11-15,29.809999465942383,29.389999389648438,29.389999389648438,29.59000015258789,1982600.0,21.06066131591797
2010-11-16,29.5,29.040000915527344,29.489999771118164,29.299999237060547,1996100.0,20.854257583618164
2010-11-17,29.489999771118164,28.969999313354492,29.299999237060547,29.229999542236328,1461400.0,20.80443572998047
2010-11-18,29.56999969482422,29.290000915527344,29.469999313354492,29.43000030517578,1382100.0,20.94678497314453
2010-11-19,29.5,28.989999771118164,29.360000610351562,29.18000030517578,1914600.0,20.768850326538086
2010-11-22,29.3799991607666,29.020000457763672,29.18000030517578,29.329999923706055,1478200.0,20.8756046295166
2010-11-23,29.09000015258789,28.899999618530273,29.079999923706055,29.040000915527344,1542500.0,20.669198989868164
2010-11-24,29.25,28.989999771118164,29.219999313354492,29.040000915527344,1569700.0,20.669198989868164
2010-11-26,29.09000015258789,28.770000457763672,28.799999237060547,28.90999984741211,787800.0,20.576669692993164
2010-11-29,28.8700008392334,28.440000534057617,28.739999771118164,28.75,2496000.0,20.462793350219727
2010-11-30,28.969999313354492,28.530000686645508,28.579999923706055,28.719999313354492,9137800.0,20.44144630432129
2010-12-01,29.34000015258789,28.90999984741211,28.979999542236328,29.190000534057617,5473500.0,20.775962829589844
2010-12-02,29.229999542236328,28.899999618530273,29.18000030517578,29.219999313354492,5274700.0,20.797313690185547
2010-12-03,29.290000915527344,29.020000457763672,29.15999984741211,29.229999542236328,1519500.0,20.80443572998047
2010-12-06,28.93000030517578,28.56999969482422,28.93000030517578,28.670000076293945,1912600.0,20.67821502685547
2010-12-07,28.93000030517578,28.329999923706055,28.799999237060547,28.40999984741211,1834400.0,20.49068832397461
2010-12-08,28.559999465942383,28.260000228881836,28.389999389648438,28.329999923706055,1489200.0,20.432992935180664
2010-12-09,28.5,28.209999084472656,28.299999237060547,28.309999465942383,1696600.0,20.418561935424805
2010-12-10,28.540000915527344,28.219999313354492,28.229999542236328,28.510000228881836,1354900.0,20.56281852722168
2010-12-13,28.700000762939453,28.440000534057617,28.639999389648438,28.549999237060547,1095000.0,20.591663360595703
2010-12-14,28.899999618530273,28.469999313354492,28.469999313354492,28.829999923706055,1562100.0,20.793611526489258
2010-12-15,28.829999923706055,28.329999923706055,28.709999084472656,28.3700008392334,1543200.0,20.461841583251953
2010-12-16,28.3799991607666,27.649999618530273,28.139999389648438,28.350000381469727,2881900.0,20.447412490844727
2010-12-17,28.43000030517578,28.010000228881836,28.360000610351562,28.399999618530273,1975000.0,20.483476638793945
2010-12-20,28.450000762939453,28.079999923706055,28.3700008392334,28.239999771118164,1652500.0,20.368074417114258
2010-12-21,28.34000015258789,27.920000076293945,28.31999969482422,28.1299991607666,1837900.0,20.288738250732422
2010-12-22,28.40999984741211,28.09000015258789,28.139999389648438,28.299999237060547,1357600.0,20.41135597229004
2010-12-23,28.34000015258789,28.059999465942383,28.219999313354492,28.290000915527344,1198800.0,20.404138565063477
2010-12-27,28.510000228881836,28.1200008392334,28.219999313354492,28.399999618530273,938100.0,20.483476638793945
2010-12-28,28.540000915527344,28.280000686645508,28.389999389648438,28.469999313354492,851600.0,20.533966064453125
2010-12-29,28.510000228881836,28.18000030517578,28.5,28.18000030517578,1146200.0,20.324804306030273
2010-12-30,28.219999313354492,28.030000686645508,28.1200008392334,28.06999969482422,953300.0,20.245464324951172
2010-12-31,28.3700008392334,28.049999237060547,28.09000015258789,28.190000534057617,1073500.0,20.332012176513672
2011-01-03,28.34000015258789,28.1200008392334,28.329999923706055,28.25,1160000.0,20.375288009643555
2011-01-04,28.489999771118164,28.06999969482422,28.31999969482422,28.459999084472656,1859300.0,20.526744842529297
2011-01-05,28.530000686645508,28.309999465942383,28.3799991607666,28.399999618530273,2065600.0,20.483476638793945
2011-01-06,28.43000030517578,28.139999389648438,28.40999984741211,28.290000915527344,1327800.0,20.404138565063477
2011-01-07,28.3799991607666,28.06999969482422,28.290000915527344,28.290000915527344,1891900.0,20.404138565063477
2011-01-10,28.200000762939453,27.920000076293945,28.18000030517578,27.979999542236328,1644600.0,20.180551528930664
2011-01-11,28.3799991607666,27.899999618530273,28.010000228881836,28.31999969482422,1670500.0,20.4257755279541
2011-01-12,28.540000915527344,28.299999237060547,28.420000076293945,28.420000076293945,1827600.0,20.49789810180664
2011-01-13,28.43000030517578,28.020000457763672,28.40999984741211,28.139999389648438,1214300.0,20.29595184326172
2011-01-14,28.239999771118164,28.020000457763672,28.049999237060547,28.190000534057617,1295700.0,20.332012176513672
2011-01-18,28.43000030517578,28.049999237060547,28.059999465942383,28.389999389648438,1172000.0,20.47626495361328
2011-01-19,28.5,28.31999969482422,28.399999618530273,28.489999771118164,1268800.0,20.548383712768555
2011-01-20,29.020000457763672,28.399999618530273,28.399999618530273,28.809999465942383,1846000.0,20.779190063476562
2011-01-21,28.969999313354492,28.540000915527344,28.950000762939453,28.6299991607666,1231900.0,20.649368286132812
2011-01-24,29.1299991607666,28.68000030517578,28.68000030517578,29.020000457763672,3212400.0,20.930652618408203
2011-01-25,29.139999389648438,28.84000015258789,28.899999618530273,29.020000457763672,1118700.0,20.930652618408203
2011-01-26,28.950000762939453,28.700000762939453,28.90999984741211,28.84000015258789,1082400.0,20.800827026367188
2011-01-27,29.1299991607666,28.75,28.8799991607666,29.110000610351562,903300.0,20.995563507080078
2011-01-28,29.1200008392334,28.389999389648438,29.06999969482422,28.399999618530273,1392500.0,20.483476638793945
2011-01-31,28.59000015258789,28.360000610351562,28.540000915527344,28.3700008392334,981900.0,20.461841583251953
2011-02-01,28.719999313354492,28.3799991607666,28.5,28.690000534057617,1173000.0,20.692636489868164
2011-02-02,28.700000762939453,28.40999984741211,28.649999618530273,28.469999313354492,1067300.0,20.533966064453125
2011-02-03,28.510000228881836,28.219999313354492,28.389999389648438,28.459999084472656,1068600.0,20.526744842529297
2011-02-04,28.459999084472656,28.030000686645508,28.3700008392334,28.229999542236328,945900.0,20.36086082458496
2011-02-07,28.6299991607666,28.229999542236328,28.270000457763672,28.6299991607666,1571300.0,20.649368286132812
2011-02-08,28.68000030517578,28.459999084472656,28.600000381469727,28.670000076293945,1243600.0,20.67821502685547
2011-02-09,28.68000030517578,28.489999771118164,28.610000610351562,28.610000610351562,1505800.0,20.63493537902832
2011-02-10,28.719999313354492,28.510000228881836,28.540000915527344,28.68000030517578,1155200.0,20.6854248046875
2011-02-11,28.920000076293945,28.600000381469727,28.639999389648438,28.739999771118164,1071900.0,20.72869873046875
2011-02-14,28.809999465942383,28.549999237060547,28.690000534057617,28.6299991607666,1137200.0,20.649368286132812
2011-02-15,28.780000686645508,28.59000015258789,28.600000381469727,28.780000686645508,1022800.0,20.757553100585938
2011-02-16,28.899999618530273,28.65999984741211,28.899999618530273,28.889999389648438,1063600.0,20.83688735961914
2011-02-17,28.889999389648438,28.700000762939453,28.780000686645508,28.760000228881836,1323400.0,20.743131637573242
2011-02-18,28.889999389648438,28.690000534057617,28.790000915527344,28.889999389648438,1537900.0,20.83688735961914
2011-02-22,28.8799991607666,27.6299991607666,28.610000610351562,27.670000076293945,5984500.0,19.95696449279785
2011-02-23,27.950000762939453,27.139999389648438,27.700000762939453,27.149999618530273,5193700.0,19.581912994384766
2011-02-24,27.350000381469727,27.079999923706055,27.229999542236328,27.139999389648438,4383800.0,19.5747013092041
2011-02-25,27.549999237060547,27.100000381469727,27.200000762939453,27.520000457763672,2061700.0,19.848777770996094
2011-02-28,28.040000915527344,27.5,27.549999237060547,27.959999084472656,2101500.0,20.16613006591797
2011-03-01,27.979999542236328,27.459999084472656,27.979999542236328,27.510000228881836,2024200.0,19.841564178466797
2011-03-02,27.649999618530273,27.389999389648438,27.530000686645508,27.6200008392334,3454200.0,19.920900344848633
2011-03-03,28.1299991607666,27.739999771118164,27.81999969482422,28.059999465942383,2581300.0,20.238250732421875
2011-03-04,28.079999923706055,27.59000015258789,27.989999771118164,27.889999389648438,2277300.0,20.11564064025879
2011-03-07,27.700000762939453,27.389999389648438,27.549999237060547,27.420000076293945,1606100.0,20.05347442626953
2011-03-08,28.020000457763672,27.360000610351562,27.360000610351562,28.0,1892300.0,20.47765350341797
2011-03-09,28.469999313354492,27.700000762939453,27.920000076293945,28.420000076293945,2591700.0,20.784818649291992
2011-03-10,28.329999923706055,27.65999984741211,28.139999389648438,27.68000030517578,2367100.0,20.243629455566406
2011-03-11,27.8700008392334,27.459999084472656,27.799999237060547,27.729999542236328,1664100.0,20.280193328857422
2011-03-14,27.530000686645508,27.190000534057617,27.5,27.290000915527344,3809700.0,19.958402633666992
2011-03-15,27.06999969482422,26.760000228881836,26.760000228881836,26.90999984741211,2754500.0,19.68048858642578
2011-03-16,27.020000457763672,26.459999084472656,26.81999969482422,26.790000915527344,3290700.0,19.592731475830078
2011-03-17,27.139999389648438,26.670000076293945,27.139999389648438,26.959999084472656,1890700.0,19.717058181762695
2011-03-18,27.459999084472656,27.0,27.229999542236328,27.09000015258789,2229300.0,19.8121337890625
2011-03-21,27.75,27.329999923706055,27.399999618530273,27.510000228881836,1444000.0,20.119295120239258
2011-03-22,27.559999465942383,27.200000762939453,27.469999313354492,27.209999084472656,1427300.0,19.899890899658203
2011-03-23,27.399999618530273,27.06999969482422,27.149999618530273,27.360000610351562,1373700.0,20.009593963623047
2011-03-24,27.670000076293945,27.270000457763672,27.450000762939453,27.559999465942383,1143600.0,20.155860900878906
2011-03-25,27.770000457763672,27.540000915527344,27.579999923706055,27.56999969482422,900600.0,20.16318130493164
2011-03-28,27.829999923706055,27.510000228881836,27.700000762939453,27.510000228881836,1066000.0,20.119295120239258
2011-03-29,27.899999618530273,27.399999618530273,27.479999542236328,27.84000015258789,1366400.0,20.360641479492188
2011-03-30,28.3700008392334,27.889999389648438,27.90999984741211,28.25,1825900.0,20.660490036010742
2011-03-31,28.3799991607666,28.049999237060547,28.280000686645508,28.06999969482422,1918500.0,20.528854370117188
2011-04-01,28.360000610351562,28.049999237060547,28.15999984741211,28.170000076293945,1715300.0,20.601985931396484
2011-04-04,28.5,28.139999389648438,28.290000915527344,28.3799991607666,1952800.0,20.755571365356445
2011-04-05,28.510000228881836,28.290000915527344,28.290000915527344,28.399999618530273,961900.0,20.770198822021484
2011-04-06,28.790000915527344,28.389999389648438,28.479999542236328,28.770000457763672,1129300.0,21.04079246520996
2011-04-07,28.780000686645508,28.489999771118164,28.65999984741211,28.760000228881836,1436100.0,21.033475875854492
2011-04-08,28.8799991607666,28.280000686645508,28.8799991607666,28.469999313354492,1135800.0,20.821386337280273
2011-04-11,28.579999923706055,28.040000915527344,28.459999084472656,28.1200008392334,1175300.0,20.56541633605957
2011-04-12,28.350000381469727,27.969999313354492,28.020000457763672,28.209999084472656,1248300.0,20.631237030029297
2011-04-13,28.510000228881836,28.079999923706055,28.25,28.110000610351562,1342400.0,20.558103561401367
2011-04-14,28.260000228881836,27.899999618530273,27.950000762939453,28.25,911300.0,20.660490036010742
2011-04-15,28.899999618530273,28.260000228881836,28.329999923706055,28.829999923706055,1875800.0,21.08466911315918
2011-04-18,28.770000457763672,28.34000015258789,28.520000457763672,28.399999618530273,1567700.0,20.770198822021484
2011-04-19,28.420000076293945,28.149999618530273,28.399999618530273,28.280000686645508,3056900.0,20.682437896728516
2011-04-20,28.780000686645508,28.479999542236328,28.530000686645508,28.68000030517578,1292900.0,20.974971771240234
2011-04-21,28.780000686645508,28.6200008392334,28.729999542236328,28.75,687900.0,21.026166915893555
2011-04-25,28.829999923706055,28.649999618530273,28.700000762939453,28.65999984741211,785000.0,20.96034049987793
2011-04-26,28.920000076293945,28.75,28.780000686645508,28.889999389648438,1100000.0,21.128551483154297
2011-04-27,29.100000381469727,28.81999969482422,28.860000610351562,28.920000076293945,2043000.0,21.150495529174805
2011-04-28,29.299999237060547,28.860000610351562,28.889999389648438,29.260000228881836,1182600.0,21.399147033691406
2011-04-29,29.350000381469727,29.059999465942383,29.290000915527344,29.309999465942383,1071900.0,21.435712814331055
2011-05-02,29.559999465942383,29.31999969482422,29.389999389648438,29.540000915527344,1596200.0,21.603925704956055
2011-05-03,29.93000030517578,29.3799991607666,29.56999969482422,29.559999465942383,1938800.0,21.61855125427246
2011-05-04,29.530000686645508,29.0,29.479999542236328,29.209999084472656,4001700.0,21.362579345703125
2011-05-05,29.25,28.690000534057617,29.25,28.8799991607666,1844400.0,21.121240615844727
2011-05-06,29.25,28.959999084472656,29.1200008392334,29.09000015258789,1262400.0,21.274822235107422
2011-05-09,29.280000686645508,28.989999771118164,29.079999923706055,29.219999313354492,1036700.0,21.369897842407227
2011-05-10,29.889999389648438,29.270000457763672,29.360000610351562,29.799999237060547,1900500.0,21.794078826904297
2011-05-11,29.770000457763672,29.360000610351562,29.690000534057617,29.540000915527344,1558000.0,21.603925704956055
2011-05-12,29.850000381469727,29.40999984741211,29.43000030517578,29.809999465942383,1532400.0,21.801389694213867
2011-05-13,29.8799991607666,29.450000762939453,29.799999237060547,29.690000534057617,1199600.0,21.713626861572266
2011-05-16,30.139999389648438,29.6299991607666,29.649999618530273,29.90999984741211,2272300.0,21.874526977539062
2011-05-17,30.100000381469727,29.760000228881836,29.760000228881836,29.81999969482422,1748500.0,21.80870819091797
2011-05-18,29.889999389648438,29.440000534057617,29.889999389648438,29.579999923706055,2636600.0,21.633174896240234
2011-05-19,29.75,29.489999771118164,29.719999313354492,29.709999084472656,1632800.0,21.728256225585938
2011-05-20,30.139999389648438,29.549999237060547,29.709999084472656,30.020000457763672,2529700.0,21.954973220825195
2011-05-23,29.8700008392334,29.440000534057617,29.65999984741211,29.459999084472656,1350200.0,21.545419692993164
2011-05-24,29.75,29.34000015258789,29.459999084472656,29.469999313354492,1474600.0,21.552730560302734
2011-05-25,29.639999389648438,29.100000381469727,29.280000686645508,29.530000686645508,1601200.0,21.59661293029785
2011-05-26,29.799999237060547,29.299999237060547,29.420000076293945,29.6200008392334,2045400.0,21.662437438964844
2011-05-27,29.8799991607666,29.6299991607666,29.780000686645508,29.690000534057617,1007900.0,21.713626861572266
2011-05-31,29.920000076293945,29.579999923706055,29.84000015258789,29.709999084472656,2414400.0,21.728256225585938
2011-06-01,29.739999771118164,29.190000534057617,29.690000534057617,29.229999542236328,2150200.0,21.377208709716797
2011-06-02,29.3700008392334,29.0,29.3700008392334,29.290000915527344,2233800.0,21.421092987060547
2011-06-03,29.270000457763672,28.979999542236328,29.079999923706055,29.06999969482422,1653100.0,21.260194778442383
2011-06-06,28.8700008392334,28.440000534057617,28.75,28.649999618530273,1450200.0,21.2342529296875
2011-06-07,29.040000915527344,28.729999542236328,28.729999542236328,28.75,1583300.0,21.308372497558594
2011-06-08,28.90999984741211,28.6200008392334,28.739999771118164,28.68000030517578,2160600.0,21.256486892700195
2011-06-09,28.700000762939453,28.479999542236328,28.68000030517578,28.510000228881836,1746200.0,21.130491256713867
2011-06-10,28.540000915527344,28.34000015258789,28.479999542236328,28.360000610351562,1051100.0,21.01931381225586
2011-06-13,28.639999389648438,28.25,28.43000030517578,28.459999084472656,1354100.0,21.093429565429688
2011-06-14,28.670000076293945,28.309999465942383,28.670000076293945,28.450000762939453,1308100.0,21.086021423339844
2011-06-15,28.479999542236328,27.940000534057617,28.299999237060547,28.059999465942383,1762900.0,20.79697036743164
2011-06-16,28.290000915527344,27.950000762939453,28.010000228881836,28.110000610351562,1841000.0,20.834026336669922
2011-06-17,28.459999084472656,28.18000030517578,28.270000457763672,28.389999389648438,2019800.0,21.04155158996582
2011-06-20,28.81999969482422,28.209999084472656,28.34000015258789,28.790000915527344,3063300.0,21.338014602661133
2011-06-21,29.100000381469727,28.700000762939453,28.860000610351562,28.8700008392334,1280400.0,21.397308349609375
2011-06-22,28.850000381469727,28.459999084472656,28.700000762939453,28.489999771118164,1338900.0,21.115663528442383
2011-06-23,28.219999313354492,27.780000686645508,28.149999618530273,28.010000228881836,1823200.0,20.759910583496094
2011-06-24,28.329999923706055,28.020000457763672,28.059999465942383,28.260000228881836,2038600.0,20.94520378112793
2011-06-27,28.6200008392334,28.290000915527344,28.299999237060547,28.520000457763672,1493400.0,21.137908935546875
2011-06-28,28.670000076293945,28.489999771118164,28.549999237060547,28.56999969482422,1322300.0,21.17496109008789
2011-06-29,28.739999771118164,28.510000228881836,28.700000762939453,28.690000534057617,1456200.0,21.263900756835938
2011-06-30,28.889999389648438,28.59000015258789,28.889999389648438,28.84000015258789,1302300.0,21.375078201293945
2011-07-01,29.239999771118164,28.809999465942383,28.90999984741211,29.209999084472656,875900.0,21.64929962158203
2011-07-05,29.25,28.860000610351562,29.110000610351562,29.040000915527344,1312600.0,21.523305892944336
2011-07-06,29.139999389648438,28.90999984741211,29.0,29.010000228881836,884800.0,21.501068115234375
2011-07-07,29.209999084472656,28.969999313354492,29.209999084472656,29.149999618530273,737400.0,21.604829788208008
2011-07-08,29.09000015258789,28.790000915527344,29.0,29.040000915527344,999400.0,21.523305892944336
2011-07-11,28.809999465942383,28.520000457763672,28.75,28.549999237060547,1123900.0,21.16014289855957
2011-07-12,29.010000228881836,28.420000076293945,28.420000076293945,28.8700008392334,1659400.0,21.397308349609375
2011-07-13,29.110000610351562,28.770000457763672,28.93000030517578,28.889999389648438,2083600.0,21.41213035583496
2011-07-14,29.040000915527344,28.780000686645508,28.899999618530273,28.809999465942383,1400500.0,21.35283851623535
2011-07-15,28.950000762939453,28.690000534057617,28.829999923706055,28.809999465942383,1130400.0,21.35283851623535
2011-07-18,28.799999237060547,28.299999237060547,28.770000457763672,28.360000610351562,1445300.0,21.01931381225586
2011-07-19,28.75,28.260000228881836,28.43000030517578,28.690000534057617,1583300.0,21.263900756835938
2011-07-20,28.950000762939453,28.540000915527344,28.690000534057617,28.780000686645508,975300.0,21.330602645874023
2011-07-21,29.479999542236328,28.940000534057617,28.950000762939453,29.459999084472656,1428500.0,21.834596633911133
2011-07-22,29.5,29.219999313354492,29.5,29.350000381469727,1269600.0,21.753067016601562
2011-07-25,30.049999237060547,29.059999465942383,29.3700008392334,29.920000076293945,3300500.0,22.175525665283203
2011-07-26,30.110000610351562,29.739999771118164,29.969999313354492,29.770000457763672,1963100.0,22.06435203552246
2011-07-27,29.780000686645508,29.549999237060547,29.700000762939453,29.770000457763672,1749200.0,22.06435203552246
2011-07-28,29.719999313354492,29.290000915527344,29.690000534057617,29.350000381469727,1936800.0,21.753067016601562
2011-07-29,29.18000030517578,28.780000686645508,29.09000015258789,28.81999969482422,2034800.0,21.36025047302246
2011-08-01,29.190000534057617,28.739999771118164,29.100000381469727,28.969999313354492,1875900.0,21.471426010131836
2011-08-02,28.90999984741211,28.329999923706055,28.850000381469727,28.329999923706055,2264700.0,20.997085571289062
2011-08-03,28.579999923706055,27.950000762939453,28.360000610351562,28.549999237060547,1915400.0,21.16014289855957
2011-08-04,28.360000610351562,26.950000762939453,28.040000915527344,26.989999771118164,2829700.0,20.003929138183594
2011-08-05,28.0,27.06999969482422,27.350000381469727,27.6200008392334,4640200.0,20.47085952758789
2011-08-08,27.5,25.81999969482422,27.239999771118164,25.969999313354492,4560000.0,19.247941970825195
2011-08-09,27.229999542236328,25.549999237060547,26.360000610351562,27.18000030517578,5321300.0,20.14474868774414
2011-08-10,27.170000076293945,26.200000762939453,26.780000686645508,26.440000534057617,3662900.0,19.59628677368164
2011-08-11,28.110000610351562,26.43000030517578,26.610000610351562,27.770000457763672,2597800.0,20.58203125
2011-08-12,28.049999237060547,27.219999313354492,27.8700008392334,27.399999618530273,1864800.0,20.307804107666016
2011-08-15,28.350000381469727,27.559999465942383,27.579999923706055,28.350000381469727,2081400.0,21.011905670166016
2011-08-16,28.649999618530273,27.979999542236328,28.15999984741211,28.549999237060547,2257200.0,21.16014289855957
2011-08-17,29.1200008392334,28.649999618530273,28.709999084472656,28.940000534057617,2212800.0,21.449190139770508
2011-08-18,28.649999618530273,28.049999237060547,28.3700008392334,28.5,3231800.0,21.123079299926758
2011-08-19,28.649999618530273,28.200000762939453,28.209999084472656,28.399999618530273,2923400.0,21.048965454101562
2011-08-22,28.8799991607666,28.06999969482422,28.809999465942383,28.190000534057617,2128400.0,20.89331817626953
2011-08-23,28.8799991607666,28.059999465942383,28.25,28.8799991607666,3124100.0,21.404722213745117
2011-08-24,29.520000457763672,28.719999313354492,28.829999923706055,29.489999771118164,1883400.0,21.85682487487793
2011-08-25,29.600000381469727,28.889999389648438,29.600000381469727,29.25,5419300.0,21.678951263427734
2011-08-26,29.350000381469727,28.43000030517578,29.06999969482422,29.200000762939453,5442300.0,21.641895294189453
2011-08-29,29.940000534057617,29.450000762939453,29.549999237060547,29.940000534057617,3384100.0,22.190353393554688
2011-08-30,29.979999542236328,29.649999618530273,29.899999618530273,29.809999465942383,2826400.0,22.09400177001953
2011-08-31,30.329999923706055,29.81999969482422,29.959999084472656,30.260000228881836,3019700.0,22.427526473999023
2011-09-01,30.5,29.81999969482422,30.5,29.84000015258789,2655500.0,22.116233825683594
2011-09-02,29.809999465942383,29.440000534057617,29.6200008392334,29.549999237060547,2069800.0,21.90130043029785
2011-09-06,29.0,28.31999969482422,28.479999542236328,28.979999542236328,2130400.0,21.762374877929688
2011-09-07,29.489999771118164,29.030000686645508,29.290000915527344,29.389999389648438,2489100.0,22.07025718688965
2011-09-08,29.790000915527344,29.25,29.260000228881836,29.520000457763672,1377200.0,22.167884826660156
2011-09-09,29.209999084472656,28.719999313354492,29.200000762939453,28.93000030517578,2548400.0,21.724824905395508
2011-09-12,29.200000762939453,28.6299991607666,28.739999771118164,29.200000762939453,1586400.0,21.927579879760742
2011-09-13,29.459999084472656,28.950000762939453,29.190000534057617,29.459999084472656,1998400.0,22.12282943725586
2011-09-14,29.780000686645508,29.139999389648438,29.549999237060547,29.540000915527344,2312100.0,22.182905197143555
2011-09-15,30.1200008392334,29.559999465942383,29.719999313354492,30.0,1931300.0,22.528337478637695
2011-09-16,30.510000228881836,30.049999237060547,30.110000610351562,30.420000076293945,2208300.0,22.84373664855957
2011-09-19,30.520000457763672,30.0,30.020000457763672,30.440000534057617,1544500.0,22.85875129699707
2011-09-20,31.440000534057617,30.469999313354492,30.469999313354492,30.920000076293945,2030400.0,23.21919822692871
2011-09-21,31.260000228881836,30.40999984741211,30.959999084472656,30.43000030517578,1960100.0,22.851240158081055
2011-09-22,29.899999618530273,29.3700008392334,29.75,29.739999771118164,2509800.0,22.333093643188477
2011-09-23,30.3700008392334,29.670000076293945,29.709999084472656,30.229999542236328,1993600.0,22.701051712036133
2011-09-26,30.6299991607666,30.239999771118164,30.520000457763672,30.3799991607666,4410400.0,22.81369400024414
2011-09-27,30.940000534057617,30.229999542236328,30.920000076293945,30.360000610351562,2483200.0,22.79867935180664
2011-09-28,30.729999542236328,29.969999313354492,30.479999542236328,30.079999923706055,2328500.0,22.58841323852539
2011-09-29,30.719999313354492,30.020000457763672,30.520000457763672,30.270000457763672,3191200.0,22.731096267700195
2011-09-30,30.420000076293945,29.760000228881836,30.31999969482422,29.770000457763672,3893000.0,22.355619430541992
2011-10-03,29.899999618530273,29.0,29.610000610351562,29.010000228881836,2998500.0,21.78489875793457
2011-10-04,28.950000762939453,27.979999542236328,28.75,28.639999389648438,3995800.0,21.507055282592773
2011-10-05,28.860000610351562,28.31999969482422,28.649999618530273,28.829999923706055,2215200.0,21.649738311767578
2011-10-06,29.270000457763672,28.65999984741211,28.739999771118164,29.270000457763672,1894300.0,21.98015022277832
2011-10-07,29.65999984741211,29.139999389648438,29.25,29.25,2066300.0,21.965129852294922
2011-10-10,30.020000457763672,29.56999969482422,29.6200008392334,30.020000457763672,1200900.0,22.54335594177246
2011-10-11,29.920000076293945,29.440000534057617,29.90999984741211,29.75,1336400.0,22.340600967407227
2011-10-12,29.969999313354492,29.649999618530273,29.860000610351562,29.770000457763672,1110900.0,22.355619430541992
2011-10-13,29.969999313354492,29.450000762939453,29.6200008392334,29.93000030517578,1151600.0,22.475770950317383
2011-10-14,30.709999084472656,29.979999542236328,30.100000381469727,30.700000762939453,2048600.0,23.053998947143555
2011-10-17,30.790000915527344,30.3799991607666,30.549999237060547,30.459999084472656,1635100.0,22.873775482177734
2011-10-18,30.979999542236328,30.209999084472656,30.450000762939453,30.770000457763672,1430900.0,23.106563568115234
2011-10-19,31.209999084472656,30.579999923706055,30.809999465942383,30.6299991607666,1503500.0,23.001434326171875
2011-10-20,30.969999313354492,30.610000610351562,30.709999084472656,30.860000610351562,1512500.0,23.174156188964844
2011-10-21,31.760000228881836,31.149999618530273,31.229999542236328,31.760000228881836,2128100.0,23.850000381469727
2011-10-24,31.969999313354492,31.649999618530273,31.719999313354492,31.90999984741211,1714500.0,23.962642669677734
2011-10-25,31.899999618530273,31.3799991607666,31.75,31.489999771118164,2257000.0,23.64725112915039
2011-10-26,31.940000534057617,31.329999923706055,31.799999237060547,31.3700008392334,2181500.0,23.557126998901367
2011-10-27,32.529998779296875,31.81999969482422,32.0,32.27000045776367,2509400.0,24.232980728149414
2011-10-28,32.5,31.809999465942383,32.470001220703125,32.209999084472656,1659800.0,24.18792152404785
2011-10-31,32.22999954223633,31.850000381469727,32.02000045776367,31.8799991607666,1242900.0,23.940113067626953
2011-11-01,31.489999771118164,30.780000686645508,31.15999984741211,30.8799991607666,2860000.0,23.189163208007812
2011-11-02,31.940000534057617,31.280000686645508,31.280000686645508,31.68000030517578,2064000.0,23.7899227142334
2011-11-03,32.290000915527344,31.8700008392334,32.0099983215332,31.950000762939453,2855300.0,23.9926815032959
2011-11-04,33.4900016784668,31.950000762939453,32.5099983215332,32.290000915527344,2537300.0,24.248003005981445
2011-11-07,32.880001068115234,32.09000015258789,32.16999816894531,32.849998474121094,1878500.0,24.66853141784668
2011-11-08,33.380001068115234,32.689998626708984,32.9900016784668,33.34000015258789,1893400.0,25.036489486694336
2011-11-09,33.36000061035156,32.68000030517578,32.790000915527344,32.880001068115234,2883500.0,24.691059112548828
2011-11-10,33.209999084472656,32.33000183105469,33.189998626708984,32.63999938964844,2595400.0,24.510831832885742
2011-11-11,33.150001525878906,32.7400016784668,32.959999084472656,32.9900016784668,1646900.0,24.773662567138672
2011-11-14,32.880001068115234,32.380001068115234,32.79999923706055,32.45000076293945,1475600.0,24.368148803710938
2011-11-15,32.790000915527344,32.38999938964844,32.66999816894531,32.63999938964844,1454500.0,24.510831832885742
2011-11-16,32.56999969482422,32.189998626708984,32.369998931884766,32.20000076293945,2045900.0,24.1804141998291
2011-11-17,32.349998474121094,31.65999984741211,32.220001220703125,31.979999542236328,2287000.0,24.01520538330078
2011-11-18,32.4900016784668,32.15999984741211,32.20000076293945,32.290000915527344,1335100.0,24.248003005981445
2011-11-21,32.060001373291016,31.610000610351562,32.040000915527344,31.940000534057617,1482200.0,23.985172271728516
2011-11-22,32.09000015258789,31.649999618530273,31.940000534057617,31.790000915527344,2183000.0,23.872526168823242
2011-11-23,31.68000030517578,31.280000686645508,31.540000915527344,31.3799991607666,1404700.0,23.56464195251465
2011-11-25,31.719999313354492,31.3799991607666,31.389999389648438,31.510000228881836,705800.0,23.662263870239258
2011-11-28,32.20000076293945,31.670000076293945,32.09000015258789,31.829999923706055,1659900.0,23.902568817138672
2011-11-29,32.54999923706055,31.959999084472656,31.989999771118164,32.5,2169700.0,24.405696868896484
2011-11-30,33.83000183105469,32.90999984741211,33.04999923706055,33.810001373291016,3282700.0,25.389442443847656
2011-12-01,34.11000061035156,33.63999938964844,33.90999984741211,33.70000076293945,1877300.0,25.30683708190918
2011-12-02,33.869998931884766,32.310001373291016,33.84000015258789,32.470001220703125,4688900.0,24.383174896240234
2011-12-05,32.560001373291016,31.5,32.41999816894531,31.809999465942383,5410800.0,24.18548583984375
2011-12-06,32.52000045776367,31.860000610351562,31.8799991607666,32.310001373291016,3537900.0,24.565643310546875
2011-12-07,32.2400016784668,31.93000030517578,32.04999923706055,32.119998931884766,2288400.0,24.42118263244629
2011-12-08,32.08000183105469,31.6299991607666,31.93000030517578,31.760000228881836,2418600.0,24.147476196289062
2011-12-09,32.400001525878906,31.8799991607666,31.93000030517578,32.33000183105469,1975700.0,24.580848693847656
2011-12-12,32.209999084472656,31.610000610351562,32.099998474121094,31.889999389648438,1553400.0,24.24631118774414
2011-12-13,32.58000183105469,32.0,32.06999969482422,32.18000030517578,1818600.0,24.46680450439453
2011-12-14,32.2400016784668,31.639999389648438,32.16999816894531,31.670000076293945,3601800.0,24.07904624938965
2011-12-15,32.29999923706055,31.950000762939453,32.099998474121094,31.989999771118164,2208700.0,24.322343826293945
2011-12-16,32.279998779296875,31.639999389648438,32.06999969482422,31.709999084472656,2586100.0,24.109455108642578
2011-12-19,31.979999542236328,31.389999389648438,31.770000457763672,31.489999771118164,1671100.0,23.942197799682617
2011-12-20,32.20000076293945,31.770000457763672,31.809999465942383,32.09000015258789,1740100.0,24.398378372192383
2011-12-21,32.709999084472656,32.040000915527344,32.040000915527344,32.599998474121094,2397000.0,24.786136627197266
2011-12-22,32.84000015258789,32.58000183105469,32.72999954223633,32.720001220703125,1185500.0,24.877376556396484
2011-12-23,33.04999923706055,32.720001220703125,32.849998474121094,32.83000183105469,1042600.0,24.961008071899414
2011-12-27,33.25,32.75,32.79999923706055,33.22999954223633,1145400.0,25.26512908935547
2011-12-28,33.2400016784668,32.970001220703125,33.18000030517578,33.060001373291016,1085500.0,25.135879516601562
2011-12-29,33.650001525878906,33.119998931884766,33.119998931884766,33.59000015258789,1297200.0,25.53884506225586
2011-12-30,33.689998626708984,33.130001068115234,33.689998626708984,33.130001068115234,1304100.0,25.189102172851562
2012-01-03,33.68000030517578,32.65999984741211,33.650001525878906,32.7599983215332,2192800.0,24.90778160095215
2012-01-04,33.029998779296875,32.66999816894531,32.790000915527344,32.75,1720600.0,24.900182723999023
2012-01-05,32.970001220703125,32.5,32.68000030517578,32.72999954223633,1912900.0,24.88497543334961
2012-01-06,32.75,32.04999923706055,32.75,32.09000015258789,3126800.0,24.398378372192383
2012-01-09,32.33000183105469,31.639999389648438,32.31999969482422,32.08000183105469,2878700.0,24.390775680541992
2012-01-10,32.68000030517578,32.150001525878906,32.27000045776367,32.290000915527344,2484900.0,24.550443649291992
2012-01-11,32.40999984741211,32.099998474121094,32.099998474121094,32.349998474121094,2153000.0,24.596052169799805
2012-01-12,32.54999923706055,32.27000045776367,32.529998779296875,32.34000015258789,1750900.0,24.58845329284668
2012-01-13,32.36000061035156,32.09000015258789,32.13999938964844,32.33000183105469,1297100.0,24.580848693847656
2012-01-17,32.779998779296875,32.290000915527344,32.599998474121094,32.380001068115234,1062300.0,24.618871688842773
2012-01-18,32.369998931884766,31.860000610351562,32.29999923706055,32.11000061035156,1344700.0,24.413583755493164
2012-01-19,32.15999984741211,31.479999542236328,32.099998474121094,31.559999465942383,1505300.0,23.995412826538086
2012-01-20,31.739999771118164,31.40999984741211,31.59000015258789,31.639999389648438,1404100.0,24.056236267089844
2012-01-23,31.979999542236328,31.700000762939453,31.700000762939453,31.829999923706055,1598100.0,24.200698852539062
2012-01-24,31.719999313354492,31.100000381469727,31.700000762939453,31.260000228881836,1764800.0,23.76732063293457
2012-01-25,31.969999313354492,30.899999618530273,31.1299991607666,31.920000076293945,2084500.0,24.26912498474121
2012-01-26,32.0,31.700000762939453,31.940000534057617,31.920000076293945,2037200.0,24.26912498474121
2012-01-27,31.920000076293945,31.549999237060547,31.889999389648438,31.610000610351562,1401200.0,24.033430099487305
2012-01-30,31.56999969482422,31.260000228881836,31.489999771118164,31.469999313354492,1372700.0,23.926982879638672
2012-01-31,31.700000762939453,31.389999389648438,31.540000915527344,31.639999389648438,2647600.0,24.056236267089844
2012-02-01,31.989999771118164,31.690000534057617,31.760000228881836,31.700000762939453,2099600.0,24.101856231689453
2012-02-02,31.860000610351562,31.489999771118164,31.729999542236328,31.579999923706055,1132800.0,24.0106201171875
2012-02-03,31.860000610351562,31.510000228881836,31.799999237060547,31.770000457763672,1116700.0,24.155075073242188
2012-02-06,31.639999389648438,31.43000030517578,31.59000015258789,31.540000915527344,1183500.0,23.980207443237305
2012-02-07,31.8700008392334,31.229999542236328,31.469999313354492,31.75,1045600.0,24.139873504638672
2012-02-08,31.81999969482422,31.40999984741211,31.81999969482422,31.649999618530273,899600.0,24.0638370513916
2012-02-09,31.700000762939453,31.420000076293945,31.649999618530273,31.540000915527344,872600.0,23.980207443237305
2012-02-10,31.43000030517578,31.200000762939453,31.3799991607666,31.309999465942383,1681300.0,23.80533218383789
2012-02-13,31.510000228881836,31.170000076293945,31.469999313354492,31.200000762939453,1078300.0,23.72170066833496
2012-02-14,31.209999084472656,30.889999389648438,31.15999984741211,31.190000534057617,1507200.0,23.71409797668457
2012-02-15,31.3799991607666,30.969999313354492,31.209999084472656,31.09000015258789,1328600.0,23.638065338134766
2012-02-16,31.809999465942383,31.149999618530273,31.149999618530273,31.6200008392334,1395300.0,24.041034698486328
2012-02-17,32.09000015258789,31.639999389648438,31.81999969482422,31.899999618530273,1472900.0,24.253921508789062
2012-02-21,32.0,31.65999984741211,32.0,31.729999542236328,1281200.0,24.124666213989258
2012-02-22,32.09000015258789,31.75,31.780000686645508,31.84000015258789,1637300.0,24.208297729492188
2012-02-23,32.380001068115234,31.84000015258789,31.90999984741211,32.119998931884766,1714000.0,24.42118263244629
2012-02-24,32.369998931884766,32.0,32.220001220703125,32.2400016784668,835800.0,24.512426376342773
2012-02-27,32.150001525878906,31.829999923706055,32.0,31.969999313354492,4831600.0,24.30714225769043
2012-02-28,32.09000015258789,31.850000381469727,32.0,31.93000030517578,1104100.0,24.27672576904297
2012-02-29,32.25,31.719999313354492,31.979999542236328,32.06999969482422,1731900.0,24.38317108154297
2012-03-01,32.279998779296875,32.0099983215332,32.060001373291016,32.13999938964844,1166500.0,24.436386108398438
2012-03-02,32.189998626708984,31.920000076293945,32.09000015258789,31.969999313354492,1355200.0,24.30714225769043
2012-03-05,32.349998474121094,31.670000076293945,31.860000610351562,32.2400016784668,1368700.0,24.512426376342773
2012-03-06,32.20000076293945,31.760000228881836,32.09000015258789,32.0099983215332,1050800.0,24.33755111694336
2012-03-07,32.0,31.649999618530273,31.959999084472656,31.8799991607666,1074900.0,24.238712310791016
2012-03-08,32.040000915527344,31.649999618530273,32.040000915527344,31.90999984741211,4433000.0,24.261520385742188
2012-03-09,32.02000045776367,31.760000228881836,31.959999084472656,31.920000076293945,1560500.0,24.26912498474121
2012-03-12,32.22999954223633,31.450000762939453,31.68000030517578,32.189998626708984,1986000.0,24.78499984741211
2012-03-13,32.27000045776367,31.90999984741211,32.220001220703125,32.20000076293945,1559300.0,24.792692184448242
2012-03-14,32.25,31.549999237060547,32.220001220703125,31.6299991607666,1025500.0,24.353816986083984
2012-03-15,31.829999923706055,31.440000534057617,31.760000228881836,31.639999389648438,1098000.0,24.361522674560547
2012-03-16,31.690000534057617,31.389999389648438,31.6299991607666,31.459999084472656,1793300.0,24.22292709350586
2012-03-19,31.639999389648438,31.190000534057617,31.5,31.239999771118164,1127500.0,24.05353546142578
2012-03-20,31.649999618530273,31.15999984741211,31.15999984741211,31.610000610351562,1171800.0,24.33841896057129
2012-03-21,31.809999465942383,31.579999923706055,31.579999923706055,31.719999313354492,1044100.0,24.42311668395996
2012-03-22,31.81999969482422,31.5,31.559999465942383,31.770000457763672,966000.0,24.461618423461914
2012-03-23,31.889999389648438,31.65999984741211,31.829999923706055,31.770000457763672,884400.0,24.461618423461914
2012-03-26,32.20000076293945,31.860000610351562,31.940000534057617,32.18000030517578,1529400.0,24.77729606628418
2012-03-27,32.470001220703125,32.060001373291016,32.15999984741211,32.470001220703125,1768700.0,25.00058937072754
2012-03-28,32.470001220703125,31.780000686645508,32.40999984741211,31.989999771118164,1293900.0,24.631010055541992
2012-03-29,32.15999984741211,31.600000381469727,31.829999923706055,32.13999938964844,1482800.0,24.74650001525879
2012-03-30,32.58000183105469,32.18000030517578,32.279998779296875,32.58000183105469,1868100.0,25.08527946472168
2012-04-02,32.70000076293945,32.27000045776367,32.54999923706055,32.5,1128500.0,25.023681640625
2012-04-03,32.56999969482422,32.099998474121094,32.54999923706055,32.40999984741211,1290000.0,24.954395294189453
2012-04-04,32.380001068115234,32.06999969482422,32.06999969482422,32.31999969482422,1088800.0,24.88509178161621
2012-04-05,32.25,31.860000610351562,32.16999816894531,32.09000015258789,829200.0,24.708005905151367
2012-04-09,32.0,31.760000228881836,31.81999969482422,31.920000076293945,1028200.0,24.57710838317871
2012-04-10,31.860000610351562,31.329999923706055,31.780000686645508,31.389999389648438,1327500.0,24.169029235839844
2012-04-11,31.68000030517578,31.299999237060547,31.6200008392334,31.469999313354492,930700.0,24.230621337890625
2012-04-12,31.559999465942383,31.200000762939453,31.420000076293945,31.559999465942383,1052100.0,24.299922943115234
2012-04-13,31.799999237060547,31.420000076293945,31.489999771118164,31.469999313354492,2064400.0,24.230621337890625
2012-04-16,31.799999237060547,31.510000228881836,31.59000015258789,31.639999389648438,2715200.0,24.361522674560547
2012-04-17,31.899999618530273,31.5,31.809999465942383,31.860000610351562,791200.0,24.530908584594727
2012-04-18,31.93000030517578,31.469999313354492,31.68000030517578,31.489999771118164,1556200.0,24.246023178100586
2012-04-19,31.690000534057617,31.149999618530273,31.6200008392334,31.290000915527344,3375400.0,24.092037200927734
2012-04-20,31.75,31.170000076293945,31.34000015258789,31.68000030517578,1946400.0,24.39231300354004
2012-04-23,31.600000381469727,31.3700008392334,31.489999771118164,31.43000030517578,1569900.0,24.199825286865234
2012-04-24,32.0,31.399999618530273,31.40999984741211,31.93000030517578,1762800.0,24.584814071655273
2012-04-25,32.47999954223633,31.899999618530273,32.099998474121094,32.290000915527344,1529500.0,24.86199378967285
2012-04-26,32.66999816894531,32.27000045776367,32.279998779296875,32.540000915527344,1317000.0,25.054485321044922
2012-04-27,32.90999984741211,32.59000015258789,32.619998931884766,32.7599983215332,1292400.0,25.2238712310791
2012-04-30,32.84000015258789,32.619998931884766,32.7599983215332,32.790000915527344,817800.0,25.24697494506836
2012-05-01,33.11000061035156,32.68000030517578,32.790000915527344,33.0,1049500.0,25.408662796020508
2012-05-02,32.93000030517578,32.599998474121094,32.880001068115234,32.689998626708984,1389000.0,25.169981002807617
2012-05-03,32.869998931884766,32.29999923706055,32.689998626708984,32.43000030517578,1224000.0,24.969789505004883
2012-05-04,32.630001068115234,31.690000534057617,31.690000534057617,32.369998931884766,1085100.0,24.92359161376953
2012-05-07,32.349998474121094,31.790000915527344,32.119998931884766,32.189998626708984,2150800.0,24.78499984741211
2012-05-08,32.45000076293945,32.11000061035156,32.11000061035156,32.400001525878906,1166400.0,24.94668960571289
2012-05-09,32.709999084472656,32.04999923706055,32.16999816894531,32.529998779296875,1926400.0,25.04677963256836
2012-05-10,33.029998779296875,32.650001525878906,32.72999954223633,32.84000015258789,1495400.0,25.285470962524414
2012-05-11,32.869998931884766,32.470001220703125,32.720001220703125,32.5,1367500.0,25.023681640625
2012-05-14,32.7599983215332,32.22999954223633,32.33000183105469,32.599998474121094,1012900.0,25.100679397583008
2012-05-15,32.61000061035156,32.08000183105469,32.54999923706055,32.220001220703125,1582300.0,24.808094024658203
2012-05-16,32.470001220703125,32.18000030517578,32.25,32.36000061035156,1518000.0,24.915889739990234
2012-05-17,32.43000030517578,32.06999969482422,32.33000183105469,32.06999969482422,1359800.0,24.692598342895508
2012-05-18,32.310001373291016,31.829999923706055,32.18000030517578,31.93000030517578,1238600.0,24.584814071655273
2012-05-21,32.18000030517578,31.770000457763672,31.850000381469727,32.18000030517578,906100.0,24.77729606628418
2012-05-22,32.43000030517578,32.08000183105469,32.27000045776367,32.380001068115234,1124400.0,24.931291580200195
2012-05-23,32.349998474121094,31.850000381469727,32.189998626708984,31.959999084472656,1764100.0,24.6079044342041
2012-05-24,32.29999923706055,31.799999237060547,32.040000915527344,32.040000915527344,1572600.0,24.66950225830078
2012-05-25,32.27000045776367,31.950000762939453,32.119998931884766,32.060001373291016,1410900.0,24.68490219116211
2012-05-29,32.459999084472656,32.119998931884766,32.189998626708984,32.45000076293945,1340200.0,24.985187530517578
2012-05-30,32.58000183105469,32.04999923706055,32.2599983215332,32.04999923706055,1173300.0,24.67719841003418
2012-05-31,32.47999954223633,32.040000915527344,32.09000015258789,32.310001373291016,2169100.0,24.87739372253418
2012-06-01,32.380001068115234,31.959999084472656,31.979999542236328,32.040000915527344,1346300.0,24.66950225830078
2012-06-04,32.25,31.93000030517578,32.040000915527344,32.099998474121094,1687000.0,24.7156982421875
2012-06-05,32.459999084472656,32.0,32.04999923706055,32.29999923706055,1251800.0,24.869691848754883
2012-06-06,32.810001373291016,32.34000015258789,32.459999084472656,32.810001373291016,2957900.0,25.262372970581055
2012-06-07,33.31999969482422,32.93000030517578,33.0,33.11000061035156,5205800.0,25.493358612060547
2012-06-08,33.380001068115234,32.9900016784668,32.9900016784668,33.25,1640100.0,25.601150512695312
2012-06-11,33.31999969482422,32.91999816894531,33.040000915527344,33.11000061035156,2837500.0,25.80378532409668
2012-06-12,33.099998474121094,32.720001220703125,33.099998474121094,32.91999816894531,1953600.0,25.655704498291016
2012-06-13,33.11000061035156,32.66999816894531,32.81999969482422,32.900001525878906,1337800.0,25.640121459960938
2012-06-14,33.279998779296875,32.88999938964844,32.9900016784668,33.22999954223633,1098700.0,25.897300720214844
2012-06-15,33.65999984741211,33.2599983215332,33.33000183105469,33.61000061035156,1889500.0,26.193450927734375
2012-06-18,33.900001525878906,33.45000076293945,33.45000076293945,33.900001525878906,1694400.0,26.41946029663086
2012-06-19,34.0,33.560001373291016,33.869998931884766,33.650001525878906,1441200.0,26.224626541137695
2012-06-20,33.720001220703125,33.41999816894531,33.650001525878906,33.540000915527344,1448400.0,26.13889503479004
2012-06-21,33.790000915527344,32.9900016784668,33.66999816894531,33.04999923706055,1782300.0,25.75701904296875
2012-06-22,33.189998626708984,32.93000030517578,33.189998626708984,33.02000045776367,1001300.0,25.733638763427734
2012-06-25,32.900001525878906,32.630001068115234,32.79999923706055,32.790000915527344,941300.0,25.554393768310547
2012-06-26,33.13999938964844,32.709999084472656,32.86000061035156,33.09000015258789,2030400.0,25.788192749023438
2012-06-27,33.41999816894531,33.150001525878906,33.15999984741211,33.34000015258789,1034900.0,25.983028411865234
2012-06-28,33.59000015258789,33.119998931884766,33.150001525878906,33.560001373291016,1209100.0,26.154481887817383
2012-06-29,34.040000915527344,33.279998779296875,34.040000915527344,33.540000915527344,2007800.0,26.13889503479004
2012-07-02,33.880001068115234,33.560001373291016,33.689998626708984,33.59000015258789,1418000.0,26.177858352661133
2012-07-03,33.790000915527344,33.43000030517578,33.540000915527344,33.58000183105469,975000.0,26.170068740844727
2012-07-05,33.54999923706055,33.15999984741211,33.5,33.16999816894531,1867800.0,25.850540161132812
2012-07-06,33.439998626708984,32.970001220703125,32.970001220703125,33.41999816894531,1450900.0,26.04537582397461
2012-07-09,33.47999954223633,32.95000076293945,33.279998779296875,33.130001068115234,1091000.0,25.819366455078125
2012-07-10,33.40999984741211,33.09000015258789,33.16999816894531,33.209999084472656,957800.0,25.881711959838867
2012-07-11,33.36000061035156,33.099998474121094,33.20000076293945,33.2400016784668,763400.0,25.905101776123047
2012-07-12,33.29999923706055,33.029998779296875,33.130001068115234,33.22999954223633,991700.0,25.897300720214844
2012-07-13,33.70000076293945,33.27000045776367,33.279998779296875,33.66999816894531,1073600.0,26.240209579467773
2012-07-16,33.81999969482422,33.56999969482422,33.65999984741211,33.630001068115234,1054300.0,26.20903778076172
2012-07-17,33.84000015258789,33.5,33.68000030517578,33.79999923706055,742700.0,26.341524124145508
2012-07-18,33.7599983215332,33.54999923706055,33.63999938964844,33.7400016784668,1315500.0,26.29476547241211
2012-07-19,33.810001373291016,33.47999954223633,33.75,33.7400016784668,1238700.0,26.29476547241211
2012-07-20,33.91999816894531,33.619998931884766,33.65999984741211,33.83000183105469,926700.0,26.36490821838379
2012-07-23,33.790000915527344,33.2400016784668,33.61000061035156,33.5,719100.0,26.107717514038086
2012-07-24,33.560001373291016,33.06999969482422,33.560001373291016,33.33000183105469,918000.0,25.975238800048828
2012-07-25,33.4900016784668,33.11000061035156,33.41999816894531,33.36000061035156,966500.0,25.99861717224121
2012-07-26,33.93000030517578,33.540000915527344,33.68000030517578,33.84000015258789,951600.0,26.372699737548828
2012-07-27,34.4900016784668,33.86000061035156,33.86000061035156,34.41999816894531,1971700.0,26.824708938598633
2012-07-30,34.7400016784668,34.36000061035156,34.380001068115234,34.68000030517578,767800.0,27.027334213256836
2012-07-31,34.709999084472656,34.20000076293945,34.68000030517578,34.209999084472656,923000.0,26.66104507446289
2012-08-01,34.84000015258789,33.93000030517578,34.29999923706055,33.93000030517578,2969100.0,26.442838668823242
2012-08-02,34.47999954223633,33.47999954223633,33.939998626708984,33.66999816894531,1559800.0,26.240209579467773
2012-08-03,35.29999923706055,34.08000183105469,35.040000915527344,34.34000015258789,1140900.0,26.762365341186523
2012-08-06,34.779998779296875,34.380001068115234,34.470001220703125,34.599998474121094,1202400.0,26.964990615844727
2012-08-07,34.84000015258789,34.2599983215332,34.61000061035156,34.41999816894531,1591800.0,26.824708938598633
2012-08-08,34.47999954223633,34.20000076293945,34.43000030517578,34.45000076293945,852900.0,26.848093032836914
2012-08-09,34.5,34.040000915527344,34.439998626708984,34.43000030517578,1427900.0,26.832500457763672
2012-08-10,34.7400016784668,34.290000915527344,34.369998931884766,34.70000076293945,1107500.0,27.04292106628418
2012-08-13,34.79999923706055,34.459999084472656,34.560001373291016,34.709999084472656,1988800.0,27.050718307495117
2012-08-14,34.84000015258789,34.5,34.529998779296875,34.650001525878906,1969700.0,27.003955841064453
2012-08-15,34.65999984741211,34.34000015258789,34.529998779296875,34.34000015258789,2226200.0,26.762365341186523
2012-08-16,34.369998931884766,33.779998779296875,34.2400016784668,33.81999969482422,2127400.0,26.357114791870117
2012-08-17,33.869998931884766,33.45000076293945,33.720001220703125,33.58000183105469,1611300.0,26.170068740844727
2012-08-20,33.72999954223633,33.38999938964844,33.470001220703125,33.68000030517578,1208800.0,26.247997283935547
2012-08-21,33.810001373291016,33.470001220703125,33.619998931884766,33.5,1151600.0,26.107717514038086
2012-08-22,33.58000183105469,33.36000061035156,33.400001525878906,33.47999954223633,1069000.0,26.092132568359375
2012-08-23,33.459999084472656,32.9900016784668,33.400001525878906,33.15999984741211,1256900.0,25.842750549316406
2012-08-24,33.29999923706055,33.040000915527344,33.04999923706055,33.20000076293945,1618600.0,25.873924255371094
2012-08-27,33.33000183105469,33.15999984741211,33.16999816894531,33.18000030517578,941300.0,25.858333587646484
2012-08-28,33.2599983215332,33.060001373291016,33.06999969482422,33.119998931884766,915800.0,25.811574935913086
2012-08-29,33.209999084472656,32.970001220703125,33.06999969482422,33.0,920200.0,25.718053817749023
2012-08-30,33.06999969482422,32.790000915527344,32.90999984741211,33.0,1972200.0,25.718053817749023
2012-08-31,33.130001068115234,32.619998931884766,33.040000915527344,32.720001220703125,4387800.0,25.499839782714844
2012-09-04,32.84000015258789,32.54999923706055,32.709999084472656,32.720001220703125,4731500.0,25.499839782714844
2012-09-05,33.060001373291016,32.720001220703125,32.84000015258789,33.029998779296875,2156600.0,25.741437911987305
2012-09-06,33.2599983215332,33.02000045776367,33.130001068115234,33.18000030517578,1518500.0,25.858333587646484
2012-09-07,33.2400016784668,33.060001373291016,33.189998626708984,33.119998931884766,1918800.0,25.811574935913086
2012-09-10,32.79999923706055,32.54999923706055,32.7599983215332,32.54999923706055,1181300.0,25.67746925354004
2012-09-11,32.720001220703125,32.40999984741211,32.599998474121094,32.5,1647600.0,25.638019561767578
2012-09-12,32.560001373291016,32.27000045776367,32.47999954223633,32.310001373291016,921400.0,25.48813819885254
2012-09-13,32.84000015258789,32.27000045776367,32.290000915527344,32.84000015258789,1053000.0,25.90623664855957
2012-09-14,32.900001525878906,32.58000183105469,32.810001373291016,32.66999816894531,1525600.0,25.772130966186523
2012-09-17,32.84000015258789,32.5,32.619998931884766,32.59000015258789,2499200.0,25.709022521972656
2012-09-18,32.56999969482422,32.36000061035156,32.52000045776367,32.5,1210900.0,25.638019561767578
2012-09-19,32.709999084472656,32.47999954223633,32.529998779296875,32.58000183105469,1131400.0,25.701135635375977
2012-09-20,32.84000015258789,32.529998779296875,32.54999923706055,32.81999969482422,1553500.0,25.890459060668945
2012-09-21,32.90999984741211,32.599998474121094,32.90999984741211,32.63999938964844,1563000.0,25.748464584350586
2012-09-24,32.86000061035156,32.56999969482422,32.63999938964844,32.779998779296875,1604400.0,25.858903884887695
2012-09-25,32.97999954223633,32.7400016784668,32.86000061035156,32.77000045776367,2339900.0,25.85101890563965
2012-09-26,33.099998474121094,32.720001220703125,32.720001220703125,32.880001068115234,1921600.0,25.93779182434082
2012-09-27,32.95000076293945,32.58000183105469,32.88999938964844,32.61000061035156,1053400.0,25.72480010986328
2012-09-28,32.720001220703125,32.349998474121094,32.540000915527344,32.66999816894531,1527100.0,25.772130966186523
2012-10-01,32.83000183105469,32.470001220703125,32.779998779296875,32.5,1650700.0,25.638019561767578
2012-10-02,32.869998931884766,32.619998931884766,32.619998931884766,32.849998474121094,2310100.0,25.914127349853516
2012-10-03,33.099998474121094,32.849998474121094,32.93000030517578,32.91999816894531,1735700.0,25.969350814819336
2012-10-04,33.209999084472656,32.90999984741211,33.0,32.959999084472656,1420600.0,26.000896453857422
2012-10-05,33.04999923706055,32.779998779296875,33.040000915527344,32.880001068115234,911000.0,25.93779182434082
2012-10-08,32.959999084472656,32.65999984741211,32.86000061035156,32.79999923706055,734300.0,25.874683380126953
2012-10-09,32.939998626708984,32.650001525878906,32.83000183105469,32.810001373291016,883400.0,25.882570266723633
2012-10-10,32.849998474121094,32.61000061035156,32.810001373291016,32.709999084472656,836100.0,25.803686141967773
2012-10-11,32.95000076293945,32.65999984741211,32.810001373291016,32.79999923706055,1069300.0,25.874683380126953
2012-10-12,32.880001068115234,32.54999923706055,32.880001068115234,32.599998474121094,1226500.0,25.71690559387207
2012-10-15,32.68000030517578,32.400001525878906,32.5,32.65999984741211,1062900.0,25.76424217224121
2012-10-16,32.880001068115234,32.5099983215332,32.7400016784668,32.68000030517578,1096200.0,25.7800235748291
2012-10-17,33.029998779296875,32.68000030517578,32.77000045776367,33.029998779296875,1412100.0,26.056121826171875
2012-10-18,33.15999984741211,32.88999938964844,33.060001373291016,33.130001068115234,1660400.0,26.135005950927734
2012-10-19,33.130001068115234,32.84000015258789,33.09000015258789,32.959999084472656,1016000.0,26.000896453857422
2012-10-22,32.95000076293945,32.65999984741211,32.939998626708984,32.810001373291016,861600.0,25.882570266723633
2012-10-23,32.7400016784668,32.209999084472656,32.619998931884766,32.47999954223633,2749800.0,25.62224769592285
2012-10-24,32.58000183105469,32.290000915527344,32.5099983215332,32.33000183105469,1269900.0,25.50391960144043
2012-10-25,32.61000061035156,32.27000045776367,32.459999084472656,32.59000015258789,1145500.0,25.709022521972656
2012-10-26,32.63999938964844,32.31999969482422,32.619998931884766,32.33000183105469,1502800.0,25.50391960144043
2012-10-31,32.959999084472656,32.36000061035156,32.380001068115234,32.880001068115234,2025400.0,25.93779182434082
2012-11-01,33.0,32.77000045776367,32.880001068115234,32.849998474121094,1363100.0,25.914127349853516
2012-11-02,32.970001220703125,32.65999984741211,32.95000076293945,32.68000030517578,2788000.0,25.7800235748291
2012-11-05,32.54999923706055,32.220001220703125,32.540000915527344,32.25,1931300.0,25.440814971923828
2012-11-06,32.400001525878906,32.09000015258789,32.25,32.099998474121094,1427900.0,25.322481155395508
2012-11-07,32.040000915527344,31.329999923706055,32.040000915527344,31.389999389648438,1420000.0,24.76239013671875
2012-11-08,31.709999084472656,31.239999771118164,31.31999969482422,31.5,1647900.0,24.84916114807129
2012-11-09,31.420000076293945,30.299999237060547,31.280000686645508,30.360000610351562,2542200.0,23.949859619140625
2012-11-12,30.200000762939453,29.75,30.200000762939453,29.860000610351562,2117700.0,23.55542755126953
2012-11-13,30.15999984741211,29.670000076293945,29.809999465942383,29.690000534057617,2333300.0,23.421321868896484
2012-11-14,29.75,29.200000762939453,29.709999084472656,29.399999618530273,1677400.0,23.19255256652832
2012-11-15,29.549999237060547,28.899999618530273,29.360000610351562,29.020000457763672,1685200.0,22.892786026000977
2012-11-16,29.3700008392334,28.969999313354492,29.15999984741211,29.360000610351562,2455600.0,23.160999298095703
2012-11-19,29.520000457763672,28.959999084472656,29.469999313354492,29.079999923706055,1790900.0,22.94011688232422
2012-11-20,29.1200008392334,28.670000076293945,28.989999771118164,28.889999389648438,1914400.0,22.79022979736328
2012-11-21,29.0,28.450000762939453,28.969999313354492,28.719999313354492,1547900.0,22.656124114990234
2012-11-23,28.84000015258789,28.43000030517578,28.75,28.549999237060547,646900.0,22.52202033996582
2012-11-26,28.959999084472656,28.479999542236328,28.479999542236328,28.850000381469727,1820200.0,22.7586727142334
2012-11-27,28.8799991607666,28.579999923706055,28.809999465942383,28.75,2108100.0,22.67978858947754
2012-11-28,29.329999923706055,28.549999237060547,28.690000534057617,29.299999237060547,2387300.0,23.113666534423828
2012-11-29,29.709999084472656,29.34000015258789,29.3700008392334,29.610000610351562,2337600.0,23.358213424682617
2012-11-30,29.969999313354492,29.610000610351562,29.700000762939453,29.969999313354492,2779000.0,23.642202377319336
2012-12-03,30.0,29.399999618530273,30.0,29.579999923706055,1680300.0,23.33454704284668
2012-12-04,29.709999084472656,29.399999618530273,29.56999969482422,29.450000762939453,1266400.0,23.231998443603516
2012-12-05,30.079999923706055,29.299999237060547,29.479999542236328,29.959999084472656,2329100.0,23.63431167602539
2012-12-06,30.059999465942383,29.59000015258789,30.030000686645508,29.799999237060547,2264400.0,23.50809669494629
2012-12-07,29.920000076293945,29.68000030517578,29.790000915527344,29.739999771118164,1977100.0,23.460763931274414
2012-12-10,29.770000457763672,29.350000381469727,29.600000381469727,29.770000457763672,2215500.0,23.804601669311523
2012-12-11,30.049999237060547,29.670000076293945,29.809999465942383,29.760000228881836,1769500.0,23.796600341796875
2012-12-12,30.049999237060547,29.719999313354492,29.75,29.780000686645508,2238600.0,23.81259536743164
2012-12-13,29.8700008392334,29.610000610351562,29.729999542236328,29.729999542236328,1978600.0,23.77261734008789
2012-12-14,29.790000915527344,29.40999984741211,29.719999313354492,29.420000076293945,1702700.0,23.524734497070312
2012-12-17,29.979999542236328,29.5,29.530000686645508,29.979999542236328,1373300.0,23.972518920898438
2012-12-18,30.280000686645508,29.889999389648438,29.93000030517578,30.270000457763672,5841000.0,24.204410552978516
2012-12-19,30.290000915527344,30.020000457763672,30.290000915527344,30.049999237060547,2891900.0,24.02849006652832
2012-12-20,31.3799991607666,30.209999084472656,30.209999084472656,31.170000076293945,4069400.0,24.924060821533203
2012-12-21,31.309999465942383,30.979999542236328,31.0,31.049999237060547,5294600.0,24.82811164855957
2012-12-24,31.040000915527344,30.75,30.93000030517578,30.889999389648438,681100.0,24.700170516967773
2012-12-26,31.100000381469727,30.68000030517578,30.940000534057617,30.709999084472656,1405900.0,24.55624008178711
2012-12-27,30.860000610351562,30.299999237060547,30.65999984741211,30.59000015258789,1814200.0,24.460281372070312
2012-12-28,30.780000686645508,30.31999969482422,30.450000762939453,30.31999969482422,2914900.0,24.244386672973633
2012-12-31,30.81999969482422,30.18000030517578,30.309999465942383,30.719999313354492,2461100.0,24.564233779907227
2013-01-02,31.31999969482422,31.010000228881836,31.139999389648438,31.31999969482422,2097000.0,25.044008255004883
2013-01-03,31.489999771118164,31.1299991607666,31.25,31.190000534057617,2195000.0,24.940059661865234
2013-01-04,31.450000762939453,31.059999465942383,31.239999771118164,31.190000534057617,2649500.0,24.940059661865234
2013-01-07,31.030000686645508,30.709999084472656,31.020000457763672,30.799999237060547,2626200.0,24.628206253051758
2013-01-08,31.100000381469727,30.639999389648438,30.700000762939453,30.940000534057617,1577200.0,24.740150451660156
2013-01-09,31.09000015258789,30.760000228881836,30.940000534057617,31.079999923706055,1677200.0,24.852096557617188
2013-01-10,31.479999542236328,31.100000381469727,31.1200008392334,31.479999542236328,2123500.0,25.17194175720215
2013-01-11,31.649999618530273,31.360000610351562,31.6200008392334,31.459999084472656,1642700.0,25.155954360961914
2013-01-14,31.649999618530273,31.3799991607666,31.479999542236328,31.469999313354492,1695800.0,25.163949966430664
2013-01-15,31.700000762939453,31.290000915527344,31.440000534057617,31.690000534057617,1890600.0,25.33986473083496
2013-01-16,31.649999618530273,31.299999237060547,31.549999237060547,31.3700008392334,1337800.0,25.083988189697266
2013-01-17,31.639999389648438,31.3700008392334,31.520000457763672,31.3700008392334,2005600.0,25.083988189697266
2013-01-18,31.719999313354492,31.350000381469727,31.440000534057617,31.700000762939453,1816500.0,25.347862243652344
2013-01-22,32.099998474121094,31.670000076293945,31.760000228881836,32.060001373291016,1812200.0,25.635723114013672
2013-01-23,32.060001373291016,31.700000762939453,32.040000915527344,31.850000381469727,2294400.0,25.467802047729492
2013-01-24,32.130001068115234,31.889999389648438,31.950000762939453,31.969999313354492,1999400.0,25.56375503540039
2013-01-25,32.209999084472656,31.860000610351562,32.060001373291016,32.16999816894531,1861300.0,25.72368049621582
2013-01-28,32.150001525878906,31.809999465942383,32.099998474121094,31.989999771118164,1656200.0,25.579753875732422
2013-01-29,32.45000076293945,31.899999618530273,31.940000534057617,32.41999816894531,1629600.0,25.923582077026367
2013-01-30,32.599998474121094,32.36000061035156,32.439998626708984,32.43000030517578,1536200.0,25.93157958984375
2013-01-31,32.529998779296875,32.27000045776367,32.43000030517578,32.439998626708984,1882700.0,25.939573287963867
2013-02-01,32.720001220703125,32.52000045776367,32.58000183105469,32.68000030517578,1828800.0,26.13149070739746
2013-02-04,32.650001525878906,32.5,32.58000183105469,32.52000045776367,1416500.0,26.00354766845703
2013-02-05,32.81999969482422,32.529998779296875,32.59000015258789,32.619998931884766,1495300.0,26.08350944519043
2013-02-06,32.83000183105469,32.369998931884766,32.54999923706055,32.779998779296875,1423300.0,26.211444854736328
2013-02-07,32.97999954223633,32.59000015258789,32.84000015258789,32.7400016784668,1972900.0,26.179466247558594
2013-02-08,32.790000915527344,32.4900016784668,32.790000915527344,32.61000061035156,1834500.0,26.075510025024414
2013-02-11,32.880001068115234,32.650001525878906,32.650001525878906,32.84000015258789,1287700.0,26.25942611694336
2013-02-12,33.15999984741211,32.720001220703125,32.83000183105469,33.150001525878906,1875400.0,26.507305145263672
2013-02-13,33.38999938964844,33.119998931884766,33.20000076293945,33.279998779296875,1677100.0,26.611251831054688
2013-02-14,33.2400016784668,32.939998626708984,33.20000076293945,33.13999938964844,1489100.0,26.49930763244629
2013-02-15,33.25,33.08000183105469,33.18000030517578,33.130001068115234,2361200.0,26.491313934326172
2013-02-19,33.540000915527344,33.04999923706055,33.119998931884766,33.2400016784668,2745100.0,26.57927131652832
2013-02-20,34.040000915527344,33.209999084472656,33.22999954223633,33.459999084472656,2236200.0,26.755186080932617
2013-02-21,33.459999084472656,33.150001525878906,33.380001068115234,33.18000030517578,1529200.0,26.531293869018555
2013-02-22,33.66999816894531,33.2599983215332,33.290000915527344,33.58000183105469,1037100.0,26.85114288330078
2013-02-25,33.91999816894531,33.119998931884766,33.689998626708984,33.119998931884766,1903300.0,26.483318328857422
2013-02-26,33.56999969482422,33.11000061035156,33.11000061035156,33.349998474121094,1322000.0,26.667232513427734
2013-02-27,33.56999969482422,33.349998474121094,33.43000030517578,33.470001220703125,1446000.0,26.763187408447266
2013-02-28,33.970001220703125,33.4900016784668,33.4900016784668,33.790000915527344,1809600.0,27.019062042236328
2013-03-01,33.970001220703125,33.4900016784668,33.709999084472656,33.88999938964844,1457900.0,27.099021911621094
2013-03-04,34.18000030517578,33.72999954223633,33.72999954223633,34.09000015258789,2146400.0,27.258947372436523
2013-03-05,34.400001525878906,34.13999938964844,34.25,34.290000915527344,2019000.0,27.418869018554688
2013-03-06,34.43000030517578,33.95000076293945,34.29999923706055,34.060001373291016,2080400.0,27.234960556030273
2013-03-07,34.2400016784668,34.029998779296875,34.06999969482422,34.04999923706055,2284600.0,27.226957321166992
2013-03-08,34.150001525878906,33.77000045776367,34.11000061035156,33.88999938964844,2256800.0,27.099021911621094
2013-03-11,34.0,33.45000076293945,33.5,33.93000030517578,2328700.0,27.45505142211914
2013-03-12,33.939998626708984,33.70000076293945,33.90999984741211,33.81999969482422,1971100.0,27.36605453491211
2013-03-13,34.0099983215332,33.709999084472656,33.81999969482422,34.0,1441300.0,27.511699676513672
2013-03-14,34.689998626708984,34.11000061035156,34.5099983215332,34.220001220703125,3789700.0,27.689716339111328
2013-03-15,34.38999938964844,33.95000076293945,34.09000015258789,34.38999938964844,2836100.0,27.827272415161133
2013-03-18,34.400001525878906,34.04999923706055,34.060001373291016,34.150001525878906,1301800.0,27.633079528808594
2013-03-19,34.400001525878906,34.060001373291016,34.310001373291016,34.29999923706055,1865400.0,27.75444793701172
2013-03-20,34.65999984741211,34.349998474121094,34.41999816894531,34.52000045776367,1543100.0,27.932466506958008
2013-03-21,34.45000076293945,34.119998931884766,34.38999938964844,34.209999084472656,2127200.0,27.681617736816406
2013-03-22,34.380001068115234,34.18000030517578,34.33000183105469,34.27000045776367,1259300.0,27.730173110961914
2013-03-25,34.58000183105469,34.13999938964844,34.400001525878906,34.2400016784668,1226100.0,27.705902099609375
2013-03-26,34.650001525878906,34.349998474121094,34.36000061035156,34.599998474121094,1690900.0,27.997201919555664
2013-03-27,34.790000915527344,34.369998931884766,34.470001220703125,34.61000061035156,1395200.0,28.005292892456055
2013-03-28,35.119998931884766,34.650001525878906,34.66999816894531,35.02000045776367,2207100.0,28.33704376220703
2013-04-01,35.09000015258789,34.86000061035156,34.939998626708984,34.93000030517578,1023300.0,28.264225006103516
2013-04-02,35.18000030517578,34.95000076293945,34.95000076293945,35.15999984741211,1099400.0,28.450332641601562
2013-04-03,35.36000061035156,34.68000030517578,35.130001068115234,34.810001373291016,2019400.0,28.167125701904297
2013-04-04,34.9900016784668,34.709999084472656,34.779998779296875,34.83000183105469,1454000.0,28.183305740356445
2013-04-05,34.83000183105469,34.349998474121094,34.52000045776367,34.790000915527344,2478700.0,28.150941848754883
2013-04-08,35.08000183105469,34.619998931884766,34.779998779296875,35.08000183105469,1625700.0,28.385595321655273
2013-04-09,35.130001068115234,34.84000015258789,35.029998779296875,34.93000030517578,1080800.0,28.264225006103516
2013-04-10,35.189998626708984,34.95000076293945,35.0,35.150001525878906,1104500.0,28.442241668701172
2013-04-11,35.349998474121094,35.119998931884766,35.209999084472656,35.34000015258789,1282700.0,28.59598159790039
2013-04-12,35.4900016784668,35.29999923706055,35.310001373291016,35.4900016784668,882100.0,28.717361450195312
2013-04-15,35.380001068115234,34.560001373291016,35.279998779296875,34.560001373291016,1813200.0,27.964826583862305
2013-04-16,35.189998626708984,34.2599983215332,34.599998474121094,35.06999969482422,2101200.0,28.37750244140625
2013-04-17,34.97999954223633,34.380001068115234,34.939998626708984,34.7400016784668,1370600.0,28.110483169555664
2013-04-18,35.09000015258789,34.689998626708984,34.869998931884766,35.04999923706055,1422500.0,28.361326217651367
2013-04-19,35.849998474121094,35.11000061035156,35.189998626708984,35.81999969482422,1919700.0,28.984378814697266
2013-04-22,35.779998779296875,35.369998931884766,35.779998779296875,35.63999938964844,1434400.0,28.838727951049805
2013-04-23,35.90999984741211,35.5099983215332,35.72999954223633,35.90999984741211,1688300.0,29.057209014892578
2013-04-24,36.31999969482422,35.77000045776367,35.959999084472656,36.130001068115234,1273400.0,29.2352294921875
2013-04-25,36.349998474121094,35.959999084472656,36.25,36.099998474121094,1049400.0,29.2109432220459
2013-04-26,36.290000915527344,35.9900016784668,36.099998474121094,36.0,933900.0,29.130029678344727
2013-04-29,36.36000061035156,36.02000045776367,36.11000061035156,36.150001525878906,766300.0,29.25140953063965
2013-04-30,36.25,36.02000045776367,36.15999984741211,36.25,1413600.0,29.332326889038086
2013-05-01,36.25,35.720001220703125,36.2400016784668,35.90999984741211,1281300.0,29.057209014892578
2013-05-02,36.09000015258789,35.470001220703125,35.66999816894531,35.970001220703125,2088600.0,29.105764389038086
2013-05-03,36.7400016784668,36.02000045776367,36.20000076293945,36.54999923706055,1867700.0,29.5750732421875
2013-05-06,36.54999923706055,35.959999084472656,36.5,36.04999923706055,1171100.0,29.17049217224121
2013-05-07,36.279998779296875,35.86000061035156,36.119998931884766,36.099998474121094,2492100.0,29.2109432220459
2013-05-08,36.209999084472656,35.709999084472656,36.040000915527344,35.77000045776367,1737300.0,28.943925857543945
2013-05-09,35.900001525878906,35.29999923706055,35.77000045776367,35.41999816894531,2016000.0,28.660717010498047
2013-05-10,35.52000045776367,35.029998779296875,35.38999938964844,35.52000045776367,964100.0,28.74163055419922
2013-05-13,35.779998779296875,35.29999923706055,35.5099983215332,35.63999938964844,1755800.0,28.838727951049805
2013-05-14,36.09000015258789,35.599998474121094,35.72999954223633,35.869998931884766,1989300.0,29.024839401245117
2013-05-15,36.54999923706055,35.75,35.849998474121094,36.209999084472656,1568500.0,29.299959182739258
2013-05-16,36.150001525878906,35.90999984741211,36.08000183105469,35.91999816894531,1165600.0,29.0653076171875
2013-05-17,36.36000061035156,35.93000030517578,35.95000076293945,36.279998779296875,1548800.0,29.356597900390625
2013-05-20,36.33000183105469,36.11000061035156,36.279998779296875,36.189998626708984,898300.0,29.28377914428711
2013-05-21,36.400001525878906,35.880001068115234,36.150001525878906,36.150001525878906,1325100.0,29.25140953063965
2013-05-22,36.47999954223633,35.2400016784668,36.08000183105469,35.38999938964844,1281300.0,28.636445999145508
2013-05-23,35.18000030517578,34.5099983215332,35.130001068115234,34.90999984741211,1995400.0,28.248037338256836
2013-05-24,34.88999938964844,34.45000076293945,34.75,34.529998779296875,857900.0,27.940549850463867
2013-05-28,34.93000030517578,34.130001068115234,34.66999816894531,34.380001068115234,1702600.0,27.819185256958008
2013-05-29,34.20000076293945,33.40999984741211,34.15999984741211,33.72999954223633,1899100.0,27.293214797973633
2013-05-30,34.56999969482422,33.84000015258789,33.84000015258789,34.22999954223633,3121300.0,27.697805404663086
2013-05-31,34.529998779296875,34.029998779296875,34.119998931884766,34.040000915527344,2322400.0,27.544063568115234
2013-06-03,34.130001068115234,33.529998779296875,34.11000061035156,33.880001068115234,1911800.0,27.414600372314453
2013-06-04,34.08000183105469,33.68000030517578,33.86000061035156,34.02000045776367,2672100.0,27.527877807617188
2013-06-05,34.15999984741211,33.79999923706055,33.88999938964844,34.04999923706055,4272500.0,27.552156448364258
2013-06-06,34.290000915527344,33.7599983215332,34.0099983215332,34.20000076293945,4885100.0,27.673532485961914
2013-06-07,34.9900016784668,34.2599983215332,34.29999923706055,34.90999984741211,3483000.0,28.248037338256836
2013-06-10,34.619998931884766,34.11000061035156,34.540000915527344,34.2599983215332,2533300.0,28.043399810791016
2013-06-11,34.18000030517578,33.810001373291016,34.0,33.83000183105469,1386800.0,27.691434860229492
2013-06-12,34.119998931884766,33.18000030517578,33.959999084472656,33.18000030517578,1480300.0,27.15937614440918
2013-06-13,33.90999984741211,33.130001068115234,33.150001525878906,33.88999938964844,1284300.0,27.740543365478516
2013-06-14,34.279998779296875,33.66999816894531,33.66999816894531,34.099998474121094,1296500.0,27.91244125366211
2013-06-17,34.52000045776367,34.029998779296875,34.279998779296875,34.189998626708984,1517400.0,27.986103057861328
2013-06-18,34.630001068115234,34.119998931884766,34.2599983215332,34.560001373291016,1700500.0,28.28896141052246
2013-06-19,34.630001068115234,33.72999954223633,34.540000915527344,33.72999954223633,1204900.0,27.60956573486328
2013-06-20,33.52000045776367,32.58000183105469,33.45000076293945,32.68000030517578,2029100.0,26.750104904174805
2013-06-21,33.33000183105469,32.34000015258789,32.880001068115234,33.16999816894531,2141800.0,27.151185989379883
2013-06-24,33.11000061035156,32.459999084472656,32.869998931884766,32.790000915527344,1609500.0,26.840139389038086
2013-06-25,33.58000183105469,32.779998779296875,33.040000915527344,33.40999984741211,1499000.0,27.347637176513672
2013-06-26,33.900001525878906,33.38999938964844,33.630001068115234,33.84000015258789,1173200.0,27.699617385864258
2013-06-27,34.43000030517578,33.95000076293945,33.95000076293945,34.380001068115234,2293700.0,28.141630172729492
2013-06-28,34.66999816894531,34.130001068115234,34.22999954223633,34.439998626708984,1876000.0,28.19074249267578
2013-07-01,34.52000045776367,33.939998626708984,34.439998626708984,33.95000076293945,1652700.0,27.789653778076172
2013-07-02,34.189998626708984,33.869998931884766,33.880001068115234,34.06999969482422,1622300.0,27.88787841796875
2013-07-03,34.09000015258789,33.81999969482422,33.939998626708984,33.88999938964844,607200.0,27.740543365478516
2013-07-05,34.0099983215332,33.150001525878906,33.939998626708984,33.65999984741211,956200.0,27.552274703979492
2013-07-08,34.400001525878906,33.880001068115234,33.880001068115234,34.29999923706055,1288100.0,28.076147079467773
2013-07-09,34.63999938964844,34.2599983215332,34.5,34.36000061035156,1187600.0,28.125261306762695
2013-07-10,34.90999984741211,34.27000045776367,34.33000183105469,34.79999923706055,1799500.0,28.48541259765625
2013-07-11,35.310001373291016,34.91999816894531,35.150001525878906,35.29999923706055,1056500.0,28.894695281982422
2013-07-12,35.540000915527344,34.959999084472656,35.33000183105469,35.4900016784668,1698300.0,29.05021858215332
2013-07-15,36.060001373291016,35.31999969482422,35.43000030517578,36.060001373291016,1454800.0,29.51679229736328
2013-07-16,36.16999816894531,35.77000045776367,36.119998931884766,35.9900016784668,1364800.0,29.459489822387695
2013-07-17,36.189998626708984,35.86000061035156,36.18000030517578,35.95000076293945,1384300.0,29.426746368408203
2013-07-18,36.33000183105469,35.97999954223633,36.02000045776367,36.310001373291016,1160200.0,29.72142219543457
2013-07-19,36.45000076293945,35.970001220703125,36.45000076293945,36.099998474121094,1271800.0,29.549524307250977
2013-07-22,36.25,35.939998626708984,36.08000183105469,35.970001220703125,1470700.0,29.44312286376953
2013-07-23,36.11000061035156,35.720001220703125,36.04999923706055,35.810001373291016,1382800.0,29.312145233154297
2013-07-24,35.900001525878906,35.43000030517578,35.849998474121094,35.58000183105469,1019700.0,29.123889923095703
2013-07-25,35.7400016784668,35.43000030517578,35.47999954223633,35.720001220703125,1268800.0,29.238481521606445
2013-07-26,35.970001220703125,35.45000076293945,35.599998474121094,35.95000076293945,1383500.0,29.426746368408203
2013-07-29,36.27000045776367,35.7400016784668,35.869998931884766,36.11000061035156,1194700.0,29.557708740234375
2013-07-30,36.470001220703125,36.06999969482422,36.25,36.11000061035156,1184000.0,29.557708740234375
2013-07-31,36.13999938964844,35.619998931884766,36.0099983215332,35.810001373291016,1453900.0,29.312145233154297
2013-08-01,36.349998474121094,35.599998474121094,35.720001220703125,36.29999923706055,1347500.0,29.71323585510254
2013-08-02,36.70000076293945,36.119998931884766,36.29999923706055,36.66999816894531,1196000.0,30.016098022460938
2013-08-05,36.61000061035156,36.34000015258789,36.5099983215332,36.41999816894531,1389800.0,29.811466217041016
2013-08-06,36.45000076293945,35.83000183105469,36.36000061035156,35.93000030517578,1552300.0,29.41037940979004
2013-08-07,35.9900016784668,35.380001068115234,35.9900016784668,35.54999923706055,2412500.0,29.099327087402344
2013-08-08,35.900001525878906,35.47999954223633,35.650001525878906,35.84000015258789,916600.0,29.33670997619629
2013-08-09,35.959999084472656,35.369998931884766,35.84000015258789,35.40999984741211,1468800.0,28.984731674194336
2013-08-12,35.380001068115234,35.13999938964844,35.27000045776367,35.189998626708984,1385500.0,28.80465316772461
2013-08-13,35.290000915527344,34.939998626708984,35.290000915527344,35.04999923706055,990100.0,28.690059661865234
2013-08-14,35.099998474121094,34.47999954223633,35.0099983215332,34.66999816894531,863700.0,28.379005432128906
2013-08-15,34.52000045776367,34.040000915527344,34.470001220703125,34.06999969482422,1124600.0,27.88787841796875
2013-08-16,34.099998474121094,33.470001220703125,34.0099983215332,33.630001068115234,1129200.0,27.52772331237793
2013-08-19,33.779998779296875,33.290000915527344,33.599998474121094,33.34000015258789,908100.0,27.290342330932617
2013-08-20,33.9900016784668,33.290000915527344,33.290000915527344,33.75,1167300.0,27.625947952270508
2013-08-21,34.0,33.2400016784668,33.68000030517578,33.43000030517578,1347900.0,27.364009857177734
2013-08-22,33.66999816894531,33.29999923706055,33.40999984741211,33.61000061035156,1010200.0,27.511348724365234
2013-08-23,34.02000045776367,33.459999084472656,33.650001525878906,33.86000061035156,1123600.0,27.715988159179688
2013-08-26,33.90999984741211,33.599998474121094,33.81999969482422,33.630001068115234,1240600.0,27.52772331237793
2013-08-27,33.77000045776367,33.36000061035156,33.380001068115234,33.529998779296875,1130900.0,27.445858001708984
2013-08-28,33.709999084472656,33.36000061035156,33.529998779296875,33.560001373291016,1246500.0,27.47042465209961
2013-08-29,33.709999084472656,33.380001068115234,33.459999084472656,33.61000061035156,2510000.0,27.511348724365234
2013-08-30,33.9900016784668,33.619998931884766,33.7400016784668,33.810001373291016,2953400.0,27.675058364868164
2013-09-03,34.27000045776367,33.220001220703125,34.04999923706055,33.22999954223633,2710700.0,27.200300216674805
2013-09-04,33.2599983215332,32.81999969482422,33.2400016784668,33.029998779296875,1518600.0,27.036592483520508
2013-09-05,33.099998474121094,32.75,32.970001220703125,32.84000015258789,1067800.0,26.881071090698242
2013-09-06,33.36000061035156,32.959999084472656,32.970001220703125,33.150001525878906,1785800.0,27.134822845458984
2013-09-09,33.220001220703125,32.650001525878906,32.86000061035156,33.08000183105469,1537300.0,27.408239364624023
2013-09-10,33.38999938964844,32.9900016784668,33.189998626708984,33.27000045776367,1059800.0,27.565662384033203
2013-09-11,33.20000076293945,32.61000061035156,33.20000076293945,32.91999816894531,1519400.0,27.275667190551758
2013-09-12,33.15999984741211,32.650001525878906,32.959999084472656,32.7400016784668,996300.0,27.126529693603516
2013-09-13,32.959999084472656,32.689998626708984,32.81999969482422,32.86000061035156,932600.0,27.225963592529297
2013-09-16,33.720001220703125,33.15999984741211,33.36000061035156,33.400001525878906,2280800.0,27.67337417602539
2013-09-17,33.790000915527344,33.380001068115234,33.380001068115234,33.619998931884766,1643900.0,27.855648040771484
2013-09-18,35.0099983215332,33.5,33.599998474121094,34.84000015258789,2521000.0,28.866470336914062
2013-09-19,35.13999938964844,34.72999954223633,34.88999938964844,34.77000045776367,2465700.0,28.80847930908203
2013-09-20,35.43000030517578,34.560001373291016,34.970001220703125,34.599998474121094,3830400.0,28.667621612548828
2013-09-23,35.189998626708984,34.43000030517578,34.529998779296875,35.029998779296875,1367900.0,29.023897171020508
2013-09-24,35.58000183105469,35.029998779296875,35.06999969482422,35.38999938964844,2911700.0,29.322172164916992
2013-09-25,35.970001220703125,35.369998931884766,35.400001525878906,35.439998626708984,4381300.0,29.363597869873047
2013-09-26,35.59000015258789,34.97999954223633,35.439998626708984,35.15999984741211,1677300.0,29.131607055664062
2013-09-27,35.290000915527344,34.81999969482422,35.029998779296875,35.0099983215332,1937400.0,29.0073299407959
2013-09-30,35.130001068115234,34.72999954223633,34.869998931884766,34.84000015258789,1633900.0,28.866470336914062
2013-10-01,35.08000183105469,34.720001220703125,34.90999984741211,34.869998931884766,1225100.0,28.891326904296875
2013-10-02,34.9900016784668,34.529998779296875,34.75,34.939998626708984,1629800.0,28.949329376220703
2013-10-03,34.79999923706055,34.310001373291016,34.79999923706055,34.529998779296875,1413700.0,28.609622955322266
2013-10-04,34.869998931884766,34.45000076293945,34.529998779296875,34.540000915527344,644500.0,28.617910385131836
2013-10-07,34.59000015258789,34.220001220703125,34.41999816894531,34.22999954223633,903000.0,28.36106300354004
2013-10-08,34.91999816894531,34.18000030517578,34.31999969482422,34.38999938964844,1248600.0,28.493627548217773
2013-10-09,34.91999816894531,34.38999938964844,34.38999938964844,34.70000076293945,1676900.0,28.750476837158203
2013-10-10,35.40999984741211,34.529998779296875,34.880001068115234,35.349998474121094,1272900.0,29.289031982421875
2013-10-11,35.65999984741211,35.150001525878906,35.25,35.540000915527344,1047200.0,29.446456909179688
2013-10-14,35.599998474121094,34.97999954223633,35.599998474121094,35.529998779296875,1407000.0,29.438169479370117
2013-10-15,35.41999816894531,34.81999969482422,35.369998931884766,35.09000015258789,1619500.0,29.07362174987793
2013-10-16,35.290000915527344,34.83000183105469,35.099998474121094,35.13999938964844,1708700.0,29.115039825439453
2013-10-17,35.90999984741211,34.959999084472656,35.08000183105469,35.84000015258789,2447800.0,29.69502067565918
2013-10-18,36.06999969482422,35.790000915527344,35.91999816894531,35.880001068115234,1299800.0,29.72816276550293
2013-10-21,35.95000076293945,35.5,35.869998931884766,35.720001220703125,1816600.0,29.595592498779297
2013-10-22,36.099998474121094,35.63999938964844,35.720001220703125,35.959999084472656,2822200.0,29.794445037841797
2013-10-23,36.529998779296875,35.900001525878906,35.939998626708984,36.119998931884766,1184300.0,29.927013397216797
2013-10-24,36.25,35.880001068115234,36.25,36.0099983215332,1557200.0,29.835872650146484
2013-10-25,36.52000045776367,35.93000030517578,36.040000915527344,36.47999954223633,945000.0,30.225290298461914
2013-10-28,36.63999938964844,36.29999923706055,36.5,36.52000045776367,1058600.0,30.258424758911133
2013-10-29,36.66999816894531,36.380001068115234,36.61000061035156,36.58000183105469,1020100.0,30.308141708374023
2013-10-30,36.779998779296875,36.119998931884766,36.599998474121094,36.220001220703125,1063100.0,30.009864807128906
2013-10-31,36.279998779296875,35.459999084472656,36.2400016784668,36.18000030517578,1727200.0,29.976722717285156
2013-11-01,36.47999954223633,36.099998474121094,36.279998779296875,36.47999954223633,1149600.0,30.225290298461914
2013-11-04,36.630001068115234,36.11000061035156,36.54999923706055,36.56999969482422,741600.0,30.299846649169922
2013-11-05,36.72999954223633,36.18000030517578,36.5099983215332,36.189998626708984,974000.0,29.98501205444336
2013-11-06,36.63999938964844,36.220001220703125,36.25,36.630001068115234,971300.0,30.34956932067871
2013-11-07,36.849998474121094,36.16999816894531,36.5,36.2599983215332,1190800.0,30.043006896972656
2013-11-08,36.439998626708984,35.52000045776367,36.119998931884766,36.40999984741211,1644600.0,30.167295455932617
2013-11-11,36.459999084472656,36.150001525878906,36.400001525878906,36.36000061035156,1034000.0,30.12586212158203
2013-11-12,36.31999969482422,35.70000076293945,36.2599983215332,35.970001220703125,1004700.0,29.802734375
2013-11-13,36.18000030517578,35.2599983215332,35.72999954223633,36.18000030517578,1246300.0,29.976722717285156
2013-11-14,36.959999084472656,36.130001068115234,36.29999923706055,36.66999816894531,2148500.0,30.382707595825195
2013-11-15,36.95000076293945,36.439998626708984,36.560001373291016,36.95000076293945,1253000.0,30.61470603942871
2013-11-18,37.20000076293945,36.75,36.95000076293945,37.029998779296875,1309800.0,30.680988311767578
2013-11-19,37.13999938964844,36.810001373291016,36.939998626708984,36.970001220703125,1371300.0,30.63128089904785
2013-11-20,37.119998931884766,36.63999938964844,36.91999816894531,36.66999816894531,1519100.0,30.382707595825195
2013-11-21,37.310001373291016,36.43000030517578,36.68000030517578,36.7400016784668,2145600.0,30.440706253051758
2013-11-22,36.91999816894531,36.59000015258789,36.70000076293945,36.66999816894531,1858700.0,30.382707595825195
2013-11-25,36.880001068115234,36.52000045776367,36.790000915527344,36.59000015258789,791200.0,30.316423416137695
2013-11-26,36.63999938964844,36.209999084472656,36.529998779296875,36.220001220703125,1370800.0,30.009864807128906
2013-11-27,36.36000061035156,35.810001373291016,36.25,35.970001220703125,948800.0,29.802734375
2013-11-29,36.08000183105469,35.779998779296875,35.91999816894531,35.849998474121094,766700.0,29.70330047607422
2013-12-02,36.2400016784668,35.560001373291016,35.93000030517578,36.060001373291016,1427700.0,29.877304077148438
2013-12-03,36.31999969482422,35.869998931884766,35.970001220703125,36.310001373291016,1987300.0,30.08443260192871
2013-12-04,36.59000015258789,35.970001220703125,36.11000061035156,36.54999923706055,1427400.0,30.283288955688477
2013-12-05,36.5,36.02000045776367,36.40999984741211,36.09000015258789,1704900.0,29.902151107788086
2013-12-06,36.63999938964844,35.90999984741211,36.279998779296875,36.439998626708984,1790400.0,30.192140579223633
2013-12-09,36.15999984741211,35.650001525878906,36.040000915527344,35.720001220703125,1956900.0,29.924070358276367
2013-12-10,35.779998779296875,35.20000076293945,35.689998626708984,35.2400016784668,2581100.0,29.521955490112305
2013-12-11,35.380001068115234,34.779998779296875,35.290000915527344,34.810001373291016,1512600.0,29.16172981262207
2013-12-12,35.34000015258789,34.709999084472656,34.77000045776367,35.119998931884766,2299700.0,29.421419143676758
2013-12-13,35.2400016784668,34.91999816894531,35.220001220703125,35.02000045776367,1489400.0,29.33765411376953
2013-12-16,35.43000030517578,35.06999969482422,35.06999969482422,35.25,2542800.0,29.530332565307617
2013-12-17,35.459999084472656,35.11000061035156,35.22999954223633,35.25,1365300.0,29.530332565307617
2013-12-18,35.959999084472656,34.84000015258789,35.2599983215332,35.900001525878906,1906000.0,30.074857711791992
2013-12-19,35.849998474121094,35.369998931884766,35.79999923706055,35.790000915527344,1706100.0,29.982711791992188
2013-12-20,36.43000030517578,35.86000061035156,35.880001068115234,36.150001525878906,3266300.0,30.2843017578125
2013-12-23,36.439998626708984,35.79999923706055,36.279998779296875,35.86000061035156,1715600.0,30.041351318359375
2013-12-24,36.13999938964844,35.66999816894531,35.86000061035156,36.040000915527344,373500.0,30.192148208618164
2013-12-26,36.18000030517578,35.79999923706055,36.099998474121094,35.95000076293945,767600.0,30.11674690246582
2013-12-27,36.099998474121094,35.7599983215332,35.939998626708984,36.0,656000.0,30.158632278442383
2013-12-30,36.209999084472656,35.88999938964844,35.91999816894531,36.13999938964844,872000.0,30.275920867919922
2013-12-31,36.33000183105469,36.06999969482422,36.25,36.15999984741211,1051300.0,30.29267120361328
2014-01-02,36.11000061035156,35.470001220703125,36.04999923706055,35.529998779296875,1394300.0,29.7648983001709
2014-01-03,35.689998626708984,35.220001220703125,35.630001068115234,35.400001525878906,1206500.0,29.65599250793457
2014-01-06,35.81999969482422,35.41999816894531,35.70000076293945,35.7599983215332,2837500.0,29.957582473754883
2014-01-07,36.25,35.810001373291016,35.810001373291016,36.220001220703125,1653700.0,30.342939376831055
2014-01-08,36.189998626708984,35.79999923706055,36.13999938964844,35.939998626708984,1618500.0,30.10837173461914
2014-01-09,36.09000015258789,35.86000061035156,36.02000045776367,36.040000915527344,1226300.0,30.192148208618164
2014-01-10,36.65999984741211,35.9900016784668,36.16999816894531,36.52000045776367,2106600.0,30.594257354736328
2014-01-13,36.56999969482422,36.040000915527344,36.439998626708984,36.22999954223633,1363400.0,30.351322174072266
2014-01-14,36.4900016784668,36.15999984741211,36.25,36.310001373291016,1420000.0,30.418333053588867
2014-01-15,36.400001525878906,35.93000030517578,36.310001373291016,35.95000076293945,1351800.0,30.11674690246582
2014-01-16,36.189998626708984,35.88999938964844,35.95000076293945,36.16999816894531,1057000.0,30.30105209350586
2014-01-17,36.25,36.08000183105469,36.20000076293945,36.150001525878906,826200.0,30.2843017578125
2014-01-21,36.65999984741211,36.2400016784668,36.31999969482422,36.63999938964844,914000.0,30.694799423217773
2014-01-22,36.84000015258789,36.459999084472656,36.68000030517578,36.630001068115234,1688200.0,30.686412811279297
2014-01-23,36.59000015258789,36.22999954223633,36.470001220703125,36.470001220703125,1414400.0,30.552379608154297
2014-01-24,36.540000915527344,35.90999984741211,36.349998474121094,35.90999984741211,1787600.0,30.083240509033203
2014-01-27,36.41999816894531,35.880001068115234,35.9900016784668,36.25,2037000.0,30.368066787719727
2014-01-28,36.54999923706055,36.20000076293945,36.279998779296875,36.529998779296875,1117400.0,30.60263442993164
2014-01-29,36.7400016784668,36.33000183105469,36.43000030517578,36.619998931884766,1613100.0,30.67803192138672
2014-01-30,37.290000915527344,36.63999938964844,36.709999084472656,37.2599983215332,1209600.0,31.214183807373047
2014-01-31,37.939998626708984,36.849998474121094,37.06999969482422,37.84000015258789,2720100.0,31.7000789642334
2014-02-03,38.34000015258789,37.59000015258789,37.849998474121094,37.65999984741211,3280600.0,31.54928970336914
2014-02-04,37.79999923706055,37.099998474121094,37.79999923706055,37.220001220703125,3733400.0,31.180683135986328
2014-02-05,37.209999084472656,36.7400016784668,37.18000030517578,36.93000030517578,2168200.0,30.937732696533203
2014-02-06,37.209999084472656,36.779998779296875,36.93000030517578,37.16999816894531,1439300.0,31.13878631591797
2014-02-07,37.470001220703125,37.16999816894531,37.290000915527344,37.439998626708984,1225400.0,31.3649845123291
2014-02-10,37.66999816894531,37.0,37.34000015258789,37.66999816894531,1242800.0,31.557668685913086
2014-02-11,38.189998626708984,37.560001373291016,37.599998474121094,38.13999938964844,1262500.0,31.951396942138672
2014-02-12,38.25,37.970001220703125,38.099998474121094,38.040000915527344,814500.0,31.867631912231445
2014-02-13,38.400001525878906,37.849998474121094,37.93000030517578,38.38999938964844,1349000.0,32.16084289550781
2014-02-14,38.650001525878906,38.25,38.34000015258789,38.630001068115234,761900.0,32.361881256103516
2014-02-18,39.029998779296875,38.65999984741211,38.7400016784668,38.88999938964844,1224400.0,32.5797004699707
2014-02-19,39.0,38.15999984741211,38.779998779296875,38.27000045776367,2192000.0,32.06031036376953
2014-02-20,38.900001525878906,38.27000045776367,38.41999816894531,38.810001373291016,2454400.0,32.51268005371094
2014-02-21,42.2400016784668,39.91999816894531,41.0,40.880001068115234,5257700.0,34.24681091308594
2014-02-24,41.560001373291016,40.86000061035156,40.97999954223633,40.900001525878906,3494300.0,34.26356887817383
2014-02-25,40.880001068115234,40.380001068115234,40.439998626708984,40.4900016784668,2362500.0,33.920082092285156
2014-02-26,40.66999816894531,40.279998779296875,40.59000015258789,40.439998626708984,1246300.0,33.878204345703125
2014-02-27,40.70000076293945,40.029998779296875,40.40999984741211,40.150001525878906,1298500.0,33.635257720947266
2014-02-28,40.619998931884766,40.15999984741211,40.22999954223633,40.40999984741211,1146800.0,33.853065490722656
2014-03-03,40.599998474121094,40.130001068115234,40.33000183105469,40.36000061035156,1695600.0,33.811180114746094
2014-03-04,40.9900016784668,40.65999984741211,40.70000076293945,40.900001525878906,2014600.0,34.26356887817383
2014-03-05,40.880001068115234,40.47999954223633,40.84000015258789,40.59000015258789,1322200.0,34.00386047363281
2014-03-06,40.75,40.15999984741211,40.63999938964844,40.29999923706055,1072800.0,33.76091003417969
2014-03-07,40.380001068115234,39.59000015258789,40.290000915527344,39.88999938964844,4070700.0,33.41744613647461
2014-03-10,39.7599983215332,39.40999984741211,39.459999084472656,39.650001525878906,1649400.0,33.55283737182617
2014-03-11,39.7400016784668,39.29999923706055,39.65999984741211,39.650001525878906,1317400.0,33.55283737182617
2014-03-12,40.20000076293945,39.56999969482422,39.63999938964844,40.189998626708984,1371200.0,34.00979232788086
2014-03-13,40.880001068115234,40.150001525878906,40.220001220703125,40.84000015258789,1988200.0,34.559844970703125
2014-03-14,41.2599983215332,40.68000030517578,40.81999969482422,41.13999938964844,1635700.0,34.813716888427734
2014-03-17,41.310001373291016,40.880001068115234,41.20000076293945,41.13999938964844,1774400.0,34.813716888427734
2014-03-18,41.349998474121094,41.02000045776367,41.15999984741211,41.099998474121094,1768100.0,34.779869079589844
2014-03-19,41.279998779296875,40.220001220703125,41.150001525878906,40.4900016784668,1356000.0,34.26366424560547
2014-03-20,40.189998626708984,39.43000030517578,39.81999969482422,40.130001068115234,2750700.0,33.95902633666992
2014-03-21,40.77000045776367,40.2400016784668,40.31999969482422,40.47999954223633,3326600.0,34.255210876464844
2014-03-24,40.7400016784668,40.13999938964844,40.47999954223633,40.54999923706055,1596200.0,34.31444549560547
2014-03-25,40.689998626708984,40.279998779296875,40.61000061035156,40.5099983215332,1624700.0,34.28059768676758
2014-03-26,40.84000015258789,40.2400016784668,40.54999923706055,40.2599983215332,1284000.0,34.06903839111328
2014-03-27,40.540000915527344,39.9900016784668,40.22999954223633,40.5099983215332,1255500.0,34.28059768676758
2014-03-28,40.83000183105469,40.380001068115234,40.47999954223633,40.79999923706055,1330700.0,34.526004791259766
2014-03-31,41.470001220703125,40.81999969482422,41.0,41.20000076293945,1350300.0,34.86448287963867
2014-04-01,41.130001068115234,40.5099983215332,41.119998931884766,40.7599983215332,1451500.0,34.49215316772461
2014-04-02,40.86000061035156,40.439998626708984,40.81999969482422,40.56999969482422,1502600.0,34.33137130737305
2014-04-03,40.77000045776367,40.34000015258789,40.56999969482422,40.59000015258789,1451700.0,34.34829330444336
2014-04-04,40.939998626708984,40.33000183105469,40.70000076293945,40.400001525878906,2144700.0,34.18751525878906
2014-04-07,40.61000061035156,39.7400016784668,40.349998474121094,39.7599983215332,3624500.0,33.64591598510742
2014-04-08,40.31999969482422,39.40999984741211,39.7599983215332,40.279998779296875,4015400.0,34.085968017578125
2014-04-09,40.470001220703125,39.560001373291016,40.31999969482422,40.029998779296875,3582000.0,33.874412536621094
2014-04-10,40.83000183105469,39.91999816894531,40.09000015258789,40.16999816894531,3473300.0,33.99286651611328
2014-04-11,40.560001373291016,40.08000183105469,40.099998474121094,40.5,2576500.0,34.27213668823242
2014-04-14,41.04999923706055,40.470001220703125,40.63999938964844,40.970001220703125,2228000.0,34.669857025146484
2014-04-15,41.7599983215332,40.91999816894531,40.91999816894531,41.75,2542400.0,35.32992172241211
2014-04-16,41.91999816894531,41.5,41.810001373291016,41.900001525878906,1909500.0,35.45684814453125
2014-04-17,41.880001068115234,40.970001220703125,41.79999923706055,40.9900016784668,2180800.0,34.6867790222168
2014-04-21,41.18000030517578,40.43000030517578,40.95000076293945,40.65999984741211,2007900.0,34.40752410888672
2014-04-22,40.86000061035156,40.45000076293945,40.70000076293945,40.68000030517578,1829300.0,34.4244499206543
2014-04-23,41.27000045776367,40.72999954223633,40.790000915527344,41.029998779296875,2037000.0,34.72063446044922
2014-04-24,41.400001525878906,40.7400016784668,41.040000915527344,41.119998931884766,1808900.0,34.796791076660156
2014-04-25,41.560001373291016,41.130001068115234,41.209999084472656,41.52000045776367,1122400.0,35.135276794433594
2014-04-28,41.720001220703125,41.0099983215332,41.5099983215332,41.290000915527344,2239300.0,34.940643310546875
2014-04-29,41.75,41.119998931884766,41.2599983215332,41.27000045776367,2014800.0,34.92373275756836
2014-04-30,41.540000915527344,41.11000061035156,41.11000061035156,41.310001373291016,1825000.0,34.95757293701172
2014-05-01,41.619998931884766,40.91999816894531,41.41999816894531,41.290000915527344,1413300.0,34.940643310546875
2014-05-02,41.11000061035156,40.06999969482422,41.06999969482422,40.20000076293945,1529000.0,34.018272399902344
2014-05-05,40.70000076293945,40.060001373291016,40.18000030517578,40.619998931884766,1099300.0,34.37367248535156
2014-05-06,40.779998779296875,40.290000915527344,40.61000061035156,40.33000183105469,1225700.0,34.1282844543457
2014-05-07,41.06999969482422,40.2400016784668,40.2400016784668,40.97999954223633,1634400.0,34.67831802368164
2014-05-08,41.45000076293945,40.22999954223633,41.16999816894531,40.29999923706055,2858200.0,34.10287857055664
2014-05-09,40.290000915527344,39.2599983215332,39.90999984741211,39.310001373291016,2914300.0,33.26512908935547
2014-05-12,39.61000061035156,38.7400016784668,39.349998474121094,38.75,2827100.0,32.79123306274414
2014-05-13,39.099998474121094,38.68000030517578,38.959999084472656,38.810001373291016,2362800.0,32.84199905395508
2014-05-14,39.58000183105469,38.75,38.90999984741211,39.27000045776367,2120400.0,33.23127365112305
2014-05-15,39.529998779296875,39.130001068115234,39.2400016784668,39.369998931884766,2514400.0,33.31589889526367
2014-05-16,39.45000076293945,38.88999938964844,39.400001525878906,39.220001220703125,1986600.0,33.188968658447266
2014-05-19,39.16999816894531,38.529998779296875,39.150001525878906,38.540000915527344,1578000.0,32.613529205322266
2014-05-20,38.83000183105469,38.220001220703125,38.619998931884766,38.43000030517578,1626100.0,32.52044677734375
2014-05-21,38.52000045776367,37.939998626708984,38.43000030517578,38.04999923706055,2251400.0,32.198875427246094
2014-05-22,38.88999938964844,38.13999938964844,38.16999816894531,38.72999954223633,2200800.0,32.77430725097656
2014-05-23,38.90999984741211,38.619998931884766,38.81999969482422,38.63999938964844,1194500.0,32.698158264160156
2014-05-27,39.02000045776367,38.650001525878906,38.849998474121094,38.90999984741211,1917700.0,32.926639556884766
2014-05-28,39.2400016784668,38.81999969482422,38.93000030517578,39.18000030517578,2005500.0,33.155120849609375
2014-05-29,39.13999938964844,38.709999084472656,39.0,38.90999984741211,2729800.0,32.926639556884766
2014-05-30,39.369998931884766,38.880001068115234,38.93000030517578,39.349998474121094,1577000.0,33.29896926879883
2014-06-02,39.349998474121094,39.0,39.33000183105469,39.040000915527344,1559600.0,33.036643981933594
2014-06-03,39.31999969482422,38.84000015258789,38.90999984741211,39.310001373291016,1526800.0,33.26512908935547
2014-06-04,39.349998474121094,39.06999969482422,39.349998474121094,39.18000030517578,1545800.0,33.155120849609375
2014-06-05,39.630001068115234,39.13999938964844,39.22999954223633,39.61000061035156,1443900.0,33.51898956298828
2014-06-06,39.83000183105469,39.29999923706055,39.630001068115234,39.369998931884766,1424100.0,33.31589889526367
2014-06-09,39.310001373291016,38.68000030517578,38.86000061035156,39.0,1550500.0,33.341548919677734
2014-06-10,38.970001220703125,38.470001220703125,38.95000076293945,38.5,1335300.0,32.914093017578125
2014-06-11,38.65999984741211,38.06999969482422,38.54999923706055,38.099998474121094,2116800.0,32.57212448120117
2014-06-12,38.380001068115234,37.66999816894531,38.20000076293945,38.27000045776367,1133900.0,32.71746063232422
2014-06-13,38.560001373291016,38.02000045776367,38.25,38.400001525878906,1251500.0,32.82859802246094
2014-06-16,39.15999984741211,38.34000015258789,38.380001068115234,38.810001373291016,1645900.0,33.179107666015625
2014-06-17,38.81999969482422,38.4900016784668,38.630001068115234,38.66999816894531,951000.0,33.059425354003906
2014-06-18,39.68000030517578,38.56999969482422,38.619998931884766,39.63999938964844,1813500.0,33.8886833190918
2014-06-19,40.15999984741211,39.66999816894531,39.68000030517578,40.08000183105469,1801200.0,34.26485061645508
2014-06-20,40.20000076293945,39.720001220703125,40.130001068115234,39.7599983215332,1860100.0,33.99127197265625
2014-06-23,39.970001220703125,39.470001220703125,39.83000183105469,39.619998931884766,856300.0,33.87159729003906
2014-06-24,39.939998626708984,39.47999954223633,39.59000015258789,39.779998779296875,1104500.0,34.00836944580078
2014-06-25,40.13999938964844,39.65999984741211,39.65999984741211,40.08000183105469,1588900.0,34.26485061645508
2014-06-26,40.4900016784668,39.849998474121094,40.02000045776367,40.470001220703125,1364600.0,34.5982666015625
2014-06-27,40.79999923706055,40.279998779296875,40.47999954223633,40.61000061035156,1623900.0,34.717952728271484
2014-06-30,40.9900016784668,40.459999084472656,40.529998779296875,40.880001068115234,1599300.0,34.94877624511719
2014-07-01,40.959999084472656,40.5,40.68000030517578,40.77000045776367,1416500.0,34.854736328125
2014-07-02,40.75,39.720001220703125,40.56999969482422,39.849998474121094,1516100.0,34.06822204589844
2014-07-03,39.599998474121094,39.060001373291016,39.56999969482422,39.279998779296875,870400.0,33.58091735839844
2014-07-07,39.9900016784668,39.15999984741211,39.279998779296875,39.619998931884766,1446400.0,33.87159729003906
2014-07-08,39.91999816894531,39.380001068115234,39.560001373291016,39.810001373291016,1225900.0,34.03403091430664
2014-07-09,39.959999084472656,39.47999954223633,39.869998931884766,39.75,1298100.0,33.98273468017578
2014-07-10,40.29999923706055,39.709999084472656,39.7400016784668,40.20000076293945,1083300.0,34.36744689941406
2014-07-11,40.369998931884766,39.779998779296875,40.18000030517578,39.88999938964844,874100.0,34.102413177490234
2014-07-14,39.959999084472656,39.25,39.959999084472656,39.33000183105469,1105900.0,33.6236686706543
2014-07-15,39.709999084472656,39.279998779296875,39.31999969482422,39.47999954223633,843700.0,33.75190353393555
2014-07-16,39.7400016784668,39.2599983215332,39.630001068115234,39.709999084472656,1433800.0,33.94852828979492
2014-07-17,39.849998474121094,39.5,39.619998931884766,39.61000061035156,1335100.0,33.863040924072266
2014-07-18,40.04999923706055,39.709999084472656,39.83000183105469,40.040000915527344,1543500.0,34.230648040771484
2014-07-21,40.290000915527344,39.81999969482422,40.08000183105469,40.119998931884766,1075400.0,34.29904556274414
2014-07-22,40.459999084472656,40.04999923706055,40.189998626708984,40.209999084472656,1102200.0,34.3759880065918
2014-07-23,40.2400016784668,40.060001373291016,40.22999954223633,40.08000183105469,742200.0,34.26485061645508
2014-07-24,40.2599983215332,39.88999938964844,40.13999938964844,40.119998931884766,849700.0,34.29904556274414
2014-07-25,40.20000076293945,39.66999816894531,40.04999923706055,39.77000045776367,813100.0,33.99983215332031
2014-07-28,40.5,39.619998931884766,39.709999084472656,40.47999954223633,1108400.0,34.60681915283203
2014-07-29,40.56999969482422,39.790000915527344,40.4900016784668,39.97999954223633,984100.0,34.17936325073242
2014-07-30,39.9900016784668,38.65999984741211,39.970001220703125,39.0,2415800.0,33.341548919677734
2014-07-31,39.119998931884766,38.439998626708984,38.52000045776367,38.45000076293945,1962000.0,32.871334075927734
2014-08-01,38.869998931884766,38.27000045776367,38.40999984741211,38.619998931884766,1157600.0,33.01667785644531
2014-08-04,38.630001068115234,37.66999816894531,38.599998474121094,38.349998474121094,3013600.0,32.78585433959961
2014-08-05,38.599998474121094,37.08000183105469,38.599998474121094,37.40999984741211,2635600.0,31.98223114013672
2014-08-06,37.18000030517578,36.650001525878906,37.16999816894531,36.97999954223633,2740000.0,31.614622116088867
2014-08-07,37.58000183105469,37.119998931884766,37.16999816894531,37.369998931884766,1412800.0,31.94803237915039
2014-08-08,38.13999938964844,37.47999954223633,37.47999954223633,38.130001068115234,1684500.0,32.597782135009766
2014-08-11,38.38999938964844,37.95000076293945,38.220001220703125,38.040000915527344,1119100.0,32.52083206176758
2014-08-12,38.31999969482422,37.93000030517578,37.95000076293945,38.20000076293945,1517500.0,32.65761947631836
2014-08-13,38.540000915527344,38.15999984741211,38.189998626708984,38.33000183105469,1343500.0,32.76875305175781
2014-08-14,38.68000030517578,38.369998931884766,38.43000030517578,38.630001068115234,998900.0,33.02522659301758
2014-08-15,39.04999923706055,38.5,38.65999984741211,38.5,3250600.0,32.914093017578125
2014-08-18,39.220001220703125,38.5099983215332,38.560001373291016,38.93000030517578,2029700.0,33.281707763671875
2014-08-19,39.529998779296875,38.9900016784668,39.0099983215332,39.470001220703125,1149800.0,33.74335479736328
2014-08-20,39.540000915527344,39.2400016784668,39.29999923706055,39.439998626708984,1402400.0,33.71770477294922
2014-08-21,39.720001220703125,39.41999816894531,39.52000045776367,39.529998779296875,1004000.0,33.79465103149414
2014-08-22,39.689998626708984,39.220001220703125,39.47999954223633,39.5099983215332,1113500.0,33.777549743652344
2014-08-25,39.880001068115234,39.54999923706055,39.58000183105469,39.72999954223633,1185200.0,33.96562576293945
2014-08-26,39.880001068115234,38.95000076293945,39.790000915527344,38.959999084472656,1605200.0,33.307342529296875
2014-08-27,39.34000015258789,38.97999954223633,39.099998474121094,39.2400016784668,1294000.0,33.546730041503906
2014-08-28,39.72999954223633,39.11000061035156,39.20000076293945,39.70000076293945,966800.0,33.93998336791992
2014-08-29,39.9900016784668,39.560001373291016,39.70000076293945,39.9900016784668,945100.0,34.18791198730469
2014-09-02,40.08000183105469,39.189998626708984,39.93000030517578,39.34000015258789,1167500.0,33.63222122192383
2014-09-03,39.86000061035156,39.34000015258789,39.369998931884766,39.790000915527344,1202500.0,34.01692581176758
2014-09-04,39.86000061035156,39.5,39.65999984741211,39.72999954223633,1394300.0,33.96562576293945
2014-09-05,40.310001373291016,39.7599983215332,39.83000183105469,40.279998779296875,1772500.0,34.43583679199219
2014-09-08,39.959999084472656,39.38999938964844,39.880001068115234,39.52000045776367,1224400.0,34.12497329711914
2014-09-09,39.529998779296875,38.790000915527344,39.529998779296875,38.83000183105469,1465700.0,33.5291748046875
2014-09-10,39.040000915527344,38.630001068115234,38.77000045776367,38.810001373291016,1975500.0,33.511898040771484
2014-09-11,39.220001220703125,38.779998779296875,38.900001525878906,39.099998474121094,1151600.0,33.76231384277344
2014-09-12,38.959999084472656,38.130001068115234,38.959999084472656,38.2400016784668,1557100.0,33.019718170166016
2014-09-15,38.72999954223633,38.290000915527344,38.45000076293945,38.43000030517578,886400.0,33.183780670166016
2014-09-16,38.880001068115234,38.349998474121094,38.439998626708984,38.709999084472656,809800.0,33.42555236816406
2014-09-17,39.02000045776367,38.5,38.790000915527344,38.70000076293945,875700.0,33.41691589355469
2014-09-18,38.84000015258789,38.150001525878906,38.65999984741211,38.25,1033400.0,33.02834701538086
2014-09-19,38.7599983215332,38.20000076293945,38.38999938964844,38.63999938964844,1960300.0,33.3651123046875
2014-09-22,38.630001068115234,38.220001220703125,38.52000045776367,38.349998474121094,756300.0,33.11470031738281
2014-09-23,38.400001525878906,38.11000061035156,38.290000915527344,38.20000076293945,848900.0,32.98518371582031
2014-09-24,38.369998931884766,38.0099983215332,38.369998931884766,38.18000030517578,759200.0,32.96791076660156
2014-09-25,38.41999816894531,37.939998626708984,38.2599983215332,37.970001220703125,953100.0,32.78656768798828
2014-09-26,38.130001068115234,37.529998779296875,37.91999816894531,37.97999954223633,731200.0,32.79521179199219
2014-09-29,38.290000915527344,37.7599983215332,37.88999938964844,38.2400016784668,1115500.0,33.019718170166016
2014-09-30,38.790000915527344,38.209999084472656,38.40999984741211,38.33000183105469,1249000.0,33.09742736816406
2014-10-01,38.93000030517578,38.31999969482422,38.31999969482422,38.47999954223633,1000800.0,33.22694778442383
2014-10-02,38.95000076293945,38.380001068115234,38.380001068115234,38.459999084472656,937300.0,33.20967483520508
2014-10-03,38.959999084472656,38.25,38.65999984741211,38.88999938964844,903100.0,33.58097457885742
2014-10-06,39.22999954223633,38.880001068115234,38.91999816894531,39.150001525878906,2357100.0,33.805484771728516
2014-10-07,39.66999816894531,39.08000183105469,39.11000061035156,39.290000915527344,1666800.0,33.92637252807617
2014-10-08,40.16999816894531,39.20000076293945,39.310001373291016,40.13999938964844,1563400.0,34.66033172607422
2014-10-09,40.38999938964844,39.029998779296875,40.06999969482422,39.040000915527344,2159500.0,33.710506439208984
2014-10-10,39.79999923706055,39.18000030517578,39.2400016784668,39.56999969482422,2148000.0,34.16815185546875
2014-10-13,40.619998931884766,39.540000915527344,39.540000915527344,40.029998779296875,2636500.0,34.56535339355469
2014-10-14,41.279998779296875,39.90999984741211,40.09000015258789,40.720001220703125,2826500.0,35.16116714477539
2014-10-15,40.65999984741211,39.22999954223633,40.290000915527344,40.099998474121094,2564600.0,34.625789642333984
2014-10-16,39.79999923706055,39.0099983215332,39.689998626708984,39.58000183105469,2216500.0,34.17679214477539
2014-10-17,39.79999923706055,39.029998779296875,39.75,39.66999816894531,1574100.0,34.25449752807617
2014-10-20,40.4900016784668,39.65999984741211,39.72999954223633,40.459999084472656,1505900.0,34.93666076660156
2014-10-21,40.65999984741211,40.279998779296875,40.4900016784668,40.47999954223633,1426200.0,34.95392608642578
2014-10-22,41.0,40.36000061035156,40.689998626708984,40.70000076293945,1123500.0,35.14389419555664
2014-10-23,41.279998779296875,40.68000030517578,40.95000076293945,41.0099983215332,1424300.0,35.41156768798828
2014-10-24,41.31999969482422,40.900001525878906,41.11000061035156,41.2400016784668,731000.0,35.61017608642578
2014-10-27,41.29999923706055,40.91999816894531,41.22999954223633,41.22999954223633,861900.0,35.601539611816406
2014-10-28,41.66999816894531,41.119998931884766,41.29999923706055,41.66999816894531,836500.0,35.981475830078125
2014-10-29,41.81999969482422,40.900001525878906,41.650001525878906,41.40999984741211,1043600.0,35.75696563720703
2014-10-30,42.61000061035156,41.349998474121094,41.5,42.58000183105469,1836200.0,36.76724624633789
2014-10-31,42.709999084472656,42.150001525878906,42.630001068115234,42.34000015258789,1879400.0,36.56001281738281
2014-11-03,43.279998779296875,42.29999923706055,42.439998626708984,43.040000915527344,1743500.0,37.16444778442383
2014-11-04,43.15999984741211,42.2599983215332,43.02000045776367,42.400001525878906,1100500.0,36.61181640625
2014-11-05,43.43000030517578,42.459999084472656,42.560001373291016,43.400001525878906,2445100.0,37.475303649902344
2014-11-06,44.220001220703125,41.88999938964844,44.119998931884766,42.41999816894531,2067000.0,36.629093170166016
2014-11-07,43.349998474121094,42.31999969482422,42.41999816894531,43.310001373291016,1272300.0,37.39759063720703
2014-11-10,43.369998931884766,42.90999984741211,43.15999984741211,43.31999969482422,1362100.0,37.406227111816406
2014-11-11,43.540000915527344,43.08000183105469,43.36000061035156,43.310001373291016,933300.0,37.39759063720703
2014-11-12,42.9900016784668,42.380001068115234,42.95000076293945,42.720001220703125,2007900.0,36.88813018798828
2014-11-13,42.9900016784668,42.2599983215332,42.66999816894531,42.38999938964844,1311300.0,36.603187561035156
2014-11-14,42.40999984741211,42.06999969482422,42.290000915527344,42.209999084472656,1518100.0,36.447757720947266
2014-11-17,43.11000061035156,42.15999984741211,42.15999984741211,43.060001373291016,1337400.0,37.18172073364258
2014-11-18,43.61000061035156,42.88999938964844,43.099998474121094,43.33000183105469,1668700.0,37.41486358642578
2014-11-19,43.220001220703125,42.77000045776367,43.119998931884766,43.040000915527344,1062300.0,37.16444778442383
2014-11-20,42.959999084472656,42.52000045776367,42.880001068115234,42.65999984741211,1251200.0,36.836326599121094
2014-11-21,43.130001068115234,42.41999816894531,43.060001373291016,42.83000183105469,1131200.0,36.98311233520508
2014-11-24,42.939998626708984,42.40999984741211,42.79999923706055,42.47999954223633,1060900.0,36.68089294433594
2014-11-25,42.56999969482422,42.060001373291016,42.56999969482422,42.38999938964844,1591700.0,36.603187561035156
2014-11-26,42.709999084472656,42.189998626708984,42.58000183105469,42.58000183105469,1095100.0,36.76724624633789
2014-11-28,43.43000030517578,42.709999084472656,42.810001373291016,43.11000061035156,612600.0,37.22489929199219
2014-12-01,43.540000915527344,42.58000183105469,42.86000061035156,43.20000076293945,1348900.0,37.302608489990234
2014-12-02,43.75,42.779998779296875,42.95000076293945,43.529998779296875,1264400.0,37.587554931640625
2014-12-03,43.93000030517578,43.349998474121094,43.47999954223633,43.849998474121094,1383700.0,37.86387252807617
2014-12-04,43.970001220703125,43.31999969482422,43.869998931884766,43.58000183105469,1566500.0,37.63072967529297
2014-12-05,43.630001068115234,42.81999969482422,43.25,43.290000915527344,1458700.0,37.38032150268555
2014-12-08,43.97999954223633,42.849998474121094,42.939998626708984,43.93000030517578,1663700.0,38.29564666748047
2014-12-09,44.150001525878906,43.45000076293945,43.79999923706055,43.869998931884766,1394700.0,38.243343353271484
2014-12-10,44.15999984741211,43.0099983215332,43.88999938964844,43.06999969482422,2070800.0,37.54594802856445
2014-12-11,43.81999969482422,43.08000183105469,43.130001068115234,43.36000061035156,1134900.0,37.79875183105469
2014-12-12,43.68000030517578,42.900001525878906,43.2400016784668,42.91999816894531,1104700.0,37.41518783569336
2014-12-15,43.29999923706055,42.279998779296875,43.029998779296875,42.459999084472656,1520300.0,37.014183044433594
2014-12-16,43.36000061035156,42.150001525878906,42.5,42.66999816894531,1582300.0,37.1972541809082
2014-12-17,44.09000015258789,42.7599983215332,42.7599983215332,44.060001373291016,2130700.0,38.40898132324219
2014-12-18,45.060001373291016,43.939998626708984,44.130001068115234,45.0099983215332,1720000.0,39.23712921142578
2014-12-19,45.560001373291016,44.91999816894531,45.02000045776367,45.119998931884766,2733300.0,39.33302307128906
2014-12-22,45.43000030517578,44.959999084472656,45.119998931884766,45.40999984741211,1700400.0,39.58582305908203
2014-12-23,45.95000076293945,45.290000915527344,45.58000183105469,45.630001068115234,1122900.0,39.77761459350586
2014-12-24,46.97999954223633,45.630001068115234,45.630001068115234,46.84000015258789,1233000.0,40.832420349121094
2014-12-26,47.779998779296875,46.95000076293945,46.95000076293945,47.5,1839000.0,41.40776824951172
2014-12-29,48.13999938964844,47.52000045776367,47.52000045776367,47.91999816894531,2024500.0,41.773902893066406
2014-12-30,47.779998779296875,46.91999816894531,47.7599983215332,47.150001525878906,1287700.0,41.10266876220703
2014-12-31,47.400001525878906,46.08000183105469,47.27000045776367,46.130001068115234,1345700.0,40.21348190307617
2015-01-02,46.369998931884766,45.4900016784668,46.290000915527344,45.9900016784668,2556900.0,40.0914421081543
2015-01-05,46.150001525878906,45.310001373291016,45.97999954223633,45.529998779296875,2536000.0,39.69044494628906
2015-01-06,46.31999969482422,44.93000030517578,45.63999938964844,45.0,2943900.0,39.228416442871094
2015-01-07,45.560001373291016,44.81999969482422,45.2400016784668,45.349998474121094,2893500.0,39.53352355957031
2015-01-08,45.880001068115234,45.470001220703125,45.7400016784668,45.5099983215332,1661500.0,39.673004150390625
2015-01-09,45.529998779296875,44.79999923706055,45.529998779296875,45.0,1154800.0,39.228416442871094
2015-01-12,45.15999984741211,44.63999938964844,45.029998779296875,44.81999969482422,983200.0,39.071502685546875
2015-01-13,45.900001525878906,44.86000061035156,45.130001068115234,45.209999084472656,1872600.0,39.41147994995117
2015-01-14,45.709999084472656,44.970001220703125,45.08000183105469,45.630001068115234,1325600.0,39.77761459350586
2015-01-15,46.13999938964844,45.5,45.7400016784668,46.04999923706055,1347600.0,40.14373779296875
2015-01-16,46.56999969482422,45.79999923706055,46.040000915527344,46.540000915527344,992600.0,40.57090377807617
2015-01-20,46.810001373291016,45.68000030517578,46.7599983215332,46.2599983215332,2037100.0,40.32680892944336
2015-01-21,46.529998779296875,45.72999954223633,46.130001068115234,46.459999084472656,1372500.0,40.50115966796875
2015-01-22,46.79999923706055,45.959999084472656,46.650001525878906,46.29999923706055,1250100.0,40.36167907714844
2015-01-23,46.779998779296875,46.290000915527344,46.439998626708984,46.33000183105469,999600.0,40.3878288269043
2015-01-26,46.290000915527344,45.720001220703125,46.11000061035156,46.209999084472656,1347800.0,40.28321838378906
2015-01-27,46.66999816894531,46.02000045776367,46.08000183105469,46.209999084472656,1221300.0,40.28321838378906
2015-01-28,46.72999954223633,45.4900016784668,46.18000030517578,45.599998474121094,1400100.0,39.751461029052734
2015-01-29,46.61000061035156,45.52000045776367,45.65999984741211,46.5099983215332,1127900.0,40.54474639892578
2015-01-30,46.400001525878906,45.220001220703125,46.279998779296875,45.279998779296875,1893800.0,39.472503662109375
2015-02-02,45.65999984741211,44.7599983215332,45.459999084472656,45.40999984741211,1591500.0,39.58582305908203
2015-02-03,45.65999984741211,45.20000076293945,45.34000015258789,45.43000030517578,2234600.0,39.603267669677734
2015-02-04,45.47999954223633,44.459999084472656,45.20000076293945,44.58000183105469,1948800.0,38.86228561401367
2015-02-05,45.2599983215332,44.58000183105469,44.779998779296875,45.130001068115234,1470400.0,39.34174346923828
2015-02-06,44.88999938964844,42.66999816894531,44.88999938964844,42.88999938964844,1969500.0,37.389034271240234
2015-02-09,43.13999938964844,41.7599983215332,42.939998626708984,42.20000076293945,3172600.0,36.78753662109375
2015-02-10,43.38999938964844,42.189998626708984,42.27000045776367,43.34000015258789,2071800.0,37.78132629394531
2015-02-11,43.150001525878906,42.439998626708984,43.040000915527344,42.47999954223633,1869200.0,37.03162384033203
2015-02-12,42.779998779296875,42.08000183105469,42.47999954223633,42.65999984741211,2096800.0,37.18853759765625
2015-02-13,42.560001373291016,41.20000076293945,42.470001220703125,41.540000915527344,2170500.0,36.21218490600586
2015-02-17,42.279998779296875,41.13999938964844,41.459999084472656,41.66999816894531,2712700.0,36.32551574707031
2015-02-18,42.86000061035156,41.560001373291016,41.72999954223633,42.77000045776367,1706100.0,37.284427642822266
2015-02-19,43.040000915527344,42.27000045776367,42.84000015258789,42.5099983215332,1315800.0,37.057769775390625
2015-02-20,43.0,42.45000076293945,42.5099983215332,42.970001220703125,2686400.0,37.458770751953125
2015-02-23,43.189998626708984,42.66999816894531,42.93000030517578,43.119998931884766,2286500.0,37.589534759521484
2015-02-24,43.5099983215332,42.93000030517578,42.97999954223633,42.9900016784668,2554600.0,37.4762077331543
2015-02-25,44.22999954223633,42.970001220703125,43.22999954223633,43.130001068115234,3232800.0,37.598262786865234
2015-02-26,43.5,42.5099983215332,43.369998931884766,42.529998779296875,1627200.0,37.0752067565918
2015-02-27,42.61000061035156,42.22999954223633,42.599998474121094,42.40999984741211,1814300.0,36.97060012817383
2015-03-02,42.40999984741211,41.619998931884766,42.29999923706055,42.189998626708984,2959600.0,36.77882385253906
2015-03-03,42.290000915527344,41.630001068115234,42.08000183105469,42.189998626708984,1583900.0,36.77882385253906
2015-03-04,42.04999923706055,41.59000015258789,41.939998626708984,41.7599983215332,1669600.0,36.403968811035156
2015-03-05,42.38999938964844,41.880001068115234,41.91999816894531,42.15999984741211,1173700.0,36.75267028808594
2015-03-06,41.560001373291016,40.75,41.4900016784668,40.95000076293945,2375500.0,35.69785690307617
2015-03-09,41.25,40.5099983215332,40.79999923706055,41.119998931884766,1912600.0,36.20858383178711
2015-03-10,41.689998626708984,40.810001373291016,40.900001525878906,41.470001220703125,4040500.0,36.516780853271484
2015-03-11,41.560001373291016,40.650001525878906,41.45000076293945,40.72999954223633,2764600.0,35.86515808105469
2015-03-12,41.959999084472656,40.869998931884766,40.939998626708984,41.77000045776367,1620000.0,36.780948638916016
2015-03-13,41.65999984741211,40.619998931884766,41.619998931884766,41.130001068115234,1249100.0,36.21738815307617
2015-03-16,42.150001525878906,41.310001373291016,41.34000015258789,41.880001068115234,1374100.0,36.8778076171875
2015-03-17,42.34000015258789,41.689998626708984,41.84000015258789,41.83000183105469,1159400.0,36.833778381347656
2015-03-18,43.119998931884766,41.54999923706055,41.900001525878906,42.810001373291016,1510300.0,37.69672775268555
2015-03-19,43.09000015258789,42.029998779296875,42.689998626708984,42.2400016784668,1449400.0,37.19480514526367
2015-03-20,42.84000015258789,42.220001220703125,42.470001220703125,42.65999984741211,2098800.0,37.564640045166016
2015-03-23,42.900001525878906,42.369998931884766,42.65999984741211,42.40999984741211,1551700.0,37.34450149536133
2015-03-24,42.65999984741211,41.47999954223633,42.290000915527344,41.68000030517578,2225200.0,36.701690673828125
2015-03-25,42.06999969482422,41.43000030517578,41.7400016784668,41.459999084472656,2189200.0,36.50796890258789
2015-03-26,41.720001220703125,40.849998474121094,41.470001220703125,40.95000076293945,1997500.0,36.05888748168945
2015-03-27,41.529998779296875,40.95000076293945,41.09000015258789,41.38999938964844,1506000.0,36.44632339477539
2015-03-30,42.33000183105469,41.38999938964844,41.540000915527344,42.08000183105469,1315300.0,37.053916931152344
2015-03-31,42.70000076293945,41.90999984741211,42.08000183105469,42.20000076293945,1915100.0,37.159584045410156
2015-04-01,42.40999984741211,41.63999938964844,42.209999084472656,42.369998931884766,1181600.0,37.30927658081055
2015-04-02,42.56999969482422,42.16999816894531,42.29999923706055,42.290000915527344,1287500.0,37.23883819580078
2015-04-06,43.0,42.36000061035156,42.36000061035156,42.439998626708984,2038500.0,37.37092208862305
2015-04-07,42.43000030517578,41.77000045776367,42.43000030517578,41.79999923706055,2090900.0,36.80735397338867
2015-04-08,41.959999084472656,41.400001525878906,41.81999969482422,41.720001220703125,1913500.0,36.73692321777344
2015-04-09,41.779998779296875,41.27000045776367,41.619998931884766,41.650001525878906,1528800.0,36.6752815246582
2015-04-10,42.290000915527344,41.689998626708984,41.880001068115234,42.119998931884766,954200.0,37.089141845703125
2015-04-13,42.189998626708984,41.560001373291016,42.0099983215332,41.56999969482422,923700.0,36.604827880859375
2015-04-14,42.04999923706055,41.630001068115234,41.77000045776367,41.790000915527344,911600.0,36.79854965209961
2015-04-15,42.41999816894531,41.709999084472656,41.900001525878906,41.75,1433900.0,36.763336181640625
2015-04-16,41.72999954223633,41.150001525878906,41.619998931884766,41.31999969482422,1673800.0,36.38469696044922
2015-04-17,41.58000183105469,40.959999084472656,41.18000030517578,41.130001068115234,1198900.0,36.21738815307617
2015-04-20,42.209999084472656,41.25,41.25,41.650001525878906,1104900.0,36.6752815246582
2015-04-21,42.02000045776367,41.439998626708984,41.66999816894531,41.54999923706055,1495200.0,36.58721923828125
2015-04-22,41.880001068115234,41.43000030517578,41.68000030517578,41.68000030517578,1717300.0,36.701690673828125
2015-04-23,42.25,41.619998931884766,41.709999084472656,41.90999984741211,1181300.0,36.90421676635742
2015-04-24,42.72999954223633,41.7599983215332,41.88999938964844,42.31999969482422,819500.0,37.26525115966797
2015-04-27,42.84000015258789,41.88999938964844,42.72999954223633,41.91999816894531,1882400.0,36.91302490234375
2015-04-28,42.400001525878906,41.619998931884766,41.72999954223633,42.29999923706055,1184800.0,37.24764633178711
2015-04-29,42.209999084472656,41.650001525878906,41.88999938964844,41.84000015258789,1307800.0,36.84258270263672
2015-04-30,41.81999969482422,40.68000030517578,41.709999084472656,40.939998626708984,2005400.0,36.050079345703125
2015-05-01,41.310001373291016,40.66999816894531,41.04999923706055,41.20000076293945,1066200.0,36.27902603149414
2015-05-04,41.93000030517578,41.2400016784668,41.2400016784668,41.59000015258789,859400.0,36.62244415283203
2015-05-05,41.529998779296875,40.560001373291016,41.43000030517578,40.59000015258789,1413000.0,35.741878509521484
2015-05-06,40.790000915527344,39.849998474121094,40.54999923706055,40.369998931884766,1633900.0,35.548160552978516
2015-05-07,41.04999923706055,39.70000076293945,40.18000030517578,40.400001525878906,3481700.0,35.57457733154297
2015-05-08,41.20000076293945,40.150001525878906,40.869998931884766,40.38999938964844,1967300.0,35.56576919555664
2015-05-11,40.79999923706055,40.16999816894531,40.290000915527344,40.29999923706055,1811400.0,35.48652267456055
2015-05-12,40.31999969482422,39.84000015258789,40.029998779296875,40.2599983215332,1562900.0,35.451297760009766
2015-05-13,40.56999969482422,39.65999984741211,40.40999984741211,39.83000183105469,1127000.0,35.07266616821289
2015-05-14,40.31999969482422,39.93000030517578,40.06999969482422,40.2599983215332,1392700.0,35.451297760009766
2015-05-15,40.7400016784668,40.27000045776367,40.380001068115234,40.540000915527344,955200.0,35.69786071777344
2015-05-18,40.91999816894531,40.34000015258789,40.34000015258789,40.779998779296875,1083100.0,35.9091911315918
2015-05-19,40.88999938964844,40.439998626708984,40.560001373291016,40.7400016784668,1094600.0,35.87397384643555
2015-05-20,41.209999084472656,40.65999984741211,40.75,40.91999816894531,1163200.0,36.032474517822266
2015-05-21,40.97999954223633,40.529998779296875,40.88999938964844,40.66999816894531,1156600.0,35.81232833862305
2015-05-22,40.779998779296875,40.27000045776367,40.59000015258789,40.650001525878906,744200.0,35.79472732543945
2015-05-26,40.66999816894531,40.0099983215332,40.66999816894531,40.31999969482422,1103900.0,35.50413131713867
2015-05-27,40.439998626708984,40.099998474121094,40.36000061035156,40.38999938964844,1091500.0,35.56576919555664
2015-05-28,40.58000183105469,40.130001068115234,40.400001525878906,40.439998626708984,996100.0,35.609798431396484
2015-05-29,40.58000183105469,40.040000915527344,40.45000076293945,40.22999954223633,1187000.0,35.42488098144531
2015-06-01,40.4900016784668,40.08000183105469,40.25,40.220001220703125,1027300.0,35.416080474853516
2015-06-02,40.0099983215332,39.2599983215332,40.0,39.619998931884766,1480700.0,34.88773727416992
2015-06-03,39.70000076293945,38.86000061035156,39.5099983215332,39.310001373291016,1605900.0,34.614776611328125
2015-06-04,39.5099983215332,39.02000045776367,39.130001068115234,39.09000015258789,1146400.0,34.42104721069336
2015-06-05,38.7400016784668,38.279998779296875,38.7400016784668,38.369998931884766,1390900.0,33.787052154541016
2015-06-08,38.18000030517578,37.900001525878906,38.02000045776367,37.93000030517578,1106300.0,33.760345458984375
2015-06-09,38.18000030517578,37.83000183105469,37.88999938964844,37.869998931884766,1342400.0,33.706939697265625
2015-06-10,38.31999969482422,37.79999923706055,37.97999954223633,37.810001373291016,2190200.0,33.65353775024414
2015-06-11,38.36000061035156,37.9900016784668,38.04999923706055,38.29999923706055,1215600.0,34.08967208862305
2015-06-12,38.2400016784668,37.75,38.04999923706055,37.77000045776367,1020600.0,33.61793899536133
2015-06-15,37.970001220703125,37.59000015258789,37.75,37.72999954223633,1210200.0,33.58232116699219
2015-06-16,37.81999969482422,37.400001525878906,37.61000061035156,37.810001373291016,1262700.0,33.65353775024414
2015-06-17,38.209999084472656,37.70000076293945,37.810001373291016,38.09000015258789,1068900.0,33.90275573730469
2015-06-18,38.72999954223633,38.130001068115234,38.18000030517578,38.540000915527344,1154500.0,34.30329132080078
2015-06-19,38.7599983215332,38.25,38.540000915527344,38.2599983215332,1249100.0,34.0540657043457
2015-06-22,38.5,38.099998474121094,38.119998931884766,38.310001373291016,1123600.0,34.098567962646484
2015-06-23,38.34000015258789,37.75,38.20000076293945,37.7599983215332,1107100.0,33.60902786254883
2015-06-24,37.970001220703125,37.7400016784668,37.779998779296875,37.779998779296875,1865400.0,33.6268310546875
2015-06-25,37.9900016784668,37.5,37.970001220703125,37.5099983215332,1398400.0,33.38650894165039
2015-06-26,37.790000915527344,37.2599983215332,37.459999084472656,37.72999954223633,991300.0,33.58232116699219
2015-06-29,38.209999084472656,37.52000045776367,37.720001220703125,37.540000915527344,1599100.0,33.41321563720703
2015-06-30,37.970001220703125,37.59000015258789,37.84000015258789,37.68000030517578,2036600.0,33.5378303527832
2015-07-01,38.0099983215332,37.54999923706055,37.75,37.97999954223633,1356900.0,33.804840087890625
2015-07-02,38.66999816894531,38.189998626708984,38.310001373291016,38.5,1341500.0,34.26768112182617
2015-07-06,38.650001525878906,38.16999816894531,38.40999984741211,38.560001373291016,1173100.0,34.32109069824219
2015-07-07,39.66999816894531,38.709999084472656,38.77000045776367,39.599998474121094,1903500.0,35.246761322021484
2015-07-08,39.68000030517578,39.150001525878906,39.400001525878906,39.279998779296875,1129000.0,34.961936950683594
2015-07-09,39.529998779296875,38.5,39.34000015258789,38.68000030517578,1186800.0,34.427894592285156
2015-07-10,39.33000183105469,38.5099983215332,38.66999816894531,39.02000045776367,1208200.0,34.73052215576172
2015-07-13,39.2599983215332,38.66999816894531,39.150001525878906,38.90999984741211,1111700.0,34.63261032104492
2015-07-14,39.119998931884766,38.7400016784668,38.939998626708984,38.86000061035156,961100.0,34.588111877441406
2015-07-15,39.0099983215332,38.619998931884766,38.86000061035156,38.9900016784668,693000.0,34.70381546020508
2015-07-16,39.779998779296875,38.9900016784668,38.9900016784668,39.65999984741211,1079800.0,35.30016326904297
2015-07-17,39.689998626708984,39.279998779296875,39.4900016784668,39.38999938964844,1619400.0,35.05984115600586
2015-07-20,39.33000183105469,38.810001373291016,39.33000183105469,39.119998931884766,980700.0,34.819522857666016
2015-07-21,39.119998931884766,38.5,39.04999923706055,38.70000076293945,821100.0,34.44569778442383
2015-07-22,39.040000915527344,38.61000061035156,38.72999954223633,38.65999984741211,1354700.0,34.410091400146484
2015-07-23,38.59000015258789,37.91999816894531,38.54999923706055,38.27000045776367,1403700.0,34.062965393066406
2015-07-24,38.61000061035156,38.130001068115234,38.310001373291016,38.529998779296875,1115000.0,34.29438781738281
2015-07-27,39.16999816894531,38.459999084472656,38.59000015258789,39.02000045776367,851900.0,34.73052215576172
2015-07-28,39.43000030517578,38.97999954223633,39.33000183105469,39.34000015258789,1824400.0,35.015342712402344
2015-07-29,39.68000030517578,39.0099983215332,39.27000045776367,39.650001525878906,1241500.0,35.2912712097168
2015-07-30,39.9900016784668,39.349998474121094,39.540000915527344,39.77000045776367,1336100.0,35.398067474365234
2015-07-31,41.34000015258789,39.779998779296875,40.119998931884766,41.08000183105469,2768600.0,36.564056396484375
2015-08-03,41.93000030517578,41.22999954223633,41.2599983215332,41.59000015258789,2296200.0,37.01799774169922
2015-08-04,41.4900016784668,40.93000030517578,41.439998626708984,41.0099983215332,1840800.0,36.50175476074219
2015-08-05,41.560001373291016,41.02000045776367,41.16999816894531,41.36000061035156,1315800.0,36.81327819824219
2015-08-06,41.7400016784668,40.9900016784668,41.380001068115234,41.689998626708984,1087500.0,37.106998443603516
2015-08-07,42.33000183105469,41.349998474121094,41.599998474121094,42.119998931884766,978300.0,37.48972702026367
2015-08-10,42.400001525878906,41.720001220703125,42.130001068115234,41.81999969482422,1322200.0,37.22270965576172
2015-08-11,42.29999923706055,41.630001068115234,41.810001373291016,42.099998474121094,2159600.0,37.4719352722168
2015-08-12,42.720001220703125,41.849998474121094,42.209999084472656,42.650001525878906,3641100.0,37.96147537231445
2015-08-13,42.7400016784668,40.9900016784668,40.9900016784668,42.619998931884766,1688200.0,37.93476867675781
2015-08-14,42.81999969482422,42.310001373291016,42.52000045776367,42.7400016784668,2406000.0,38.04157638549805
2015-08-17,43.61000061035156,42.619998931884766,42.779998779296875,43.400001525878906,1778400.0,38.629024505615234
2015-08-18,43.459999084472656,43.0,43.2400016784668,43.20000076293945,1931100.0,38.451011657714844
2015-08-19,43.650001525878906,42.779998779296875,43.02000045776367,43.54999923706055,1757300.0,38.76253128051758
2015-08-20,43.849998474121094,43.189998626708984,43.220001220703125,43.310001373291016,1384100.0,38.548919677734375
2015-08-21,43.36000061035156,42.5099983215332,43.189998626708984,42.5099983215332,2201100.0,37.836856842041016
2015-08-24,41.97999954223633,40.47999954223633,41.06999969482422,40.68000030517578,3089700.0,36.20802688598633
2015-08-25,41.45000076293945,39.75,41.45000076293945,39.77000045776367,2749600.0,35.398067474365234
2015-08-26,40.650001525878906,39.65999984741211,40.290000915527344,40.54999923706055,2825400.0,36.09231948852539
2015-08-27,41.040000915527344,40.2599983215332,40.75,41.02000045776367,2447600.0,36.510658264160156
2015-08-28,41.209999084472656,40.5099983215332,41.0099983215332,41.06999969482422,1577100.0,36.55516052246094
2015-08-31,41.0099983215332,39.88999938964844,40.939998626708984,40.290000915527344,2567600.0,35.86090850830078
2015-09-01,39.959999084472656,38.88999938964844,39.38999938964844,39.119998931884766,2420200.0,34.819522857666016
2015-09-02,39.599998474121094,38.63999938964844,39.560001373291016,39.08000183105469,1759300.0,34.78392028808594
2015-09-03,39.40999984741211,39.029998779296875,39.22999954223633,39.25,1135000.0,34.93523025512695
2015-09-04,38.90999984741211,38.349998474121094,38.86000061035156,38.560001373291016,1571700.0,34.32109069824219
2015-09-08,39.0099983215332,38.47999954223633,38.689998626708984,38.97999954223633,1684700.0,35.067779541015625
2015-09-09,39.119998931884766,38.38999938964844,38.97999954223633,38.459999084472656,1654600.0,34.599971771240234
2015-09-10,38.90999984741211,38.150001525878906,38.290000915527344,38.43000030517578,1238300.0,34.57299041748047
2015-09-11,38.81999969482422,38.2599983215332,38.34000015258789,38.81999969482422,1472200.0,34.92384719848633
2015-09-14,39.220001220703125,38.790000915527344,38.84000015258789,38.97999954223633,1449100.0,35.067779541015625
2015-09-15,39.34000015258789,38.70000076293945,38.97999954223633,39.20000076293945,1378800.0,35.26570510864258
2015-09-16,39.7400016784668,39.11000061035156,39.220001220703125,39.689998626708984,1345900.0,35.70652389526367
2015-09-17,41.06999969482422,39.619998931884766,39.70000076293945,40.540000915527344,2627200.0,36.47121810913086
2015-09-18,40.72999954223633,40.15999984741211,40.22999954223633,40.369998931884766,2885200.0,36.31827926635742
2015-09-21,41.060001373291016,40.38999938964844,40.52000045776367,40.81999969482422,1704100.0,36.72311019897461
2015-09-22,40.790000915527344,40.40999984741211,40.52000045776367,40.5,1595600.0,36.43523406982422
2015-09-23,40.880001068115234,40.36000061035156,40.5,40.79999923706055,1121800.0,36.70512008666992
2015-09-24,41.189998626708984,40.43000030517578,40.70000076293945,41.04999923706055,1688800.0,36.930023193359375
2015-09-25,41.83000183105469,40.810001373291016,41.16999816894531,41.369998931884766,1716700.0,37.21790313720703
2015-09-28,41.810001373291016,41.2400016784668,41.38999938964844,41.540000915527344,1740100.0,37.370849609375
2015-09-29,41.790000915527344,41.25,41.54999923706055,41.689998626708984,1360100.0,37.50579071044922
2015-09-30,42.290000915527344,41.630001068115234,41.900001525878906,42.27000045776367,1503300.0,38.027584075927734
2015-10-01,42.439998626708984,41.459999084472656,42.310001373291016,41.779998779296875,1971900.0,37.58676528930664
2015-10-02,42.31999969482422,41.650001525878906,42.20000076293945,42.31999969482422,1043200.0,38.07255935668945
2015-10-05,42.7400016784668,42.040000915527344,42.45000076293945,42.619998931884766,1146500.0,38.34245681762695
2015-10-06,42.66999816894531,42.08000183105469,42.540000915527344,42.310001373291016,917500.0,38.06356430053711
2015-10-07,42.5099983215332,42.06999969482422,42.439998626708984,42.209999084472656,1025900.0,37.973609924316406
2015-10-08,43.209999084472656,42.0,42.099998474121094,43.119998931884766,1970400.0,38.792274475097656
2015-10-09,43.2400016784668,42.779998779296875,43.130001068115234,43.119998931884766,2145500.0,38.792274475097656
2015-10-12,43.7400016784668,43.13999938964844,43.20000076293945,43.720001220703125,1436300.0,39.33205032348633
2015-10-13,43.79999923706055,43.31999969482422,43.61000061035156,43.650001525878906,2276200.0,39.269081115722656
2015-10-14,43.959999084472656,43.34000015258789,43.720001220703125,43.38999938964844,1508600.0,39.03517532348633
2015-10-15,44.060001373291016,43.38999938964844,43.599998474121094,43.939998626708984,927400.0,39.529972076416016
2015-10-16,44.439998626708984,43.90999984741211,44.16999816894531,44.099998474121094,1079300.0,39.673919677734375
2015-10-19,44.29999923706055,43.7400016784668,43.970001220703125,44.290000915527344,1294600.0,39.844852447509766
2015-10-20,44.52000045776367,43.970001220703125,44.150001525878906,44.31999969482422,1031900.0,39.87183380126953
2015-10-21,44.650001525878906,44.08000183105469,44.45000076293945,44.150001525878906,944100.0,39.718894958496094
2015-10-22,44.61000061035156,44.189998626708984,44.22999954223633,44.5,1422400.0,40.03376770019531
2015-10-23,44.560001373291016,43.68000030517578,44.40999984741211,43.9900016784668,1303300.0,39.574951171875
2015-10-26,44.43000030517578,43.720001220703125,44.060001373291016,44.40999984741211,1542500.0,39.95280456542969
2015-10-27,44.68000030517578,44.25,44.27000045776367,44.4900016784668,1326800.0,40.024784088134766
2015-10-28,44.709999084472656,43.5099983215332,44.439998626708984,44.029998779296875,1519600.0,39.61094284057617
2015-10-29,43.869998931884766,42.95000076293945,43.81999969482422,43.40999984741211,1850100.0,39.053165435791016
2015-10-30,43.849998474121094,43.34000015258789,43.58000183105469,43.68000030517578,1428800.0,39.29606628417969
2015-11-02,44.02000045776367,43.38999938964844,43.70000076293945,43.91999816894531,1430900.0,39.51198196411133
2015-11-03,43.970001220703125,43.54999923706055,43.7599983215332,43.869998931884766,1174000.0,39.46699523925781
2015-11-04,44.31999969482422,43.88999938964844,43.88999938964844,44.209999084472656,1063000.0,39.77287292480469
2015-11-05,44.459999084472656,43.939998626708984,44.150001525878906,44.02000045776367,1781800.0,39.6019401550293
2015-11-06,44.4900016784668,42.18000030517578,43.77000045776367,42.54999923706055,2444400.0,38.279476165771484
2015-11-09,43.22999954223633,41.880001068115234,42.349998474121094,43.13999938964844,2139800.0,38.81026840209961
2015-11-10,43.880001068115234,43.09000015258789,43.09000015258789,43.810001373291016,1639800.0,39.41302490234375
2015-11-11,44.400001525878906,43.880001068115234,43.900001525878906,44.220001220703125,1545800.0,39.7818717956543
2015-11-12,44.5099983215332,43.40999984741211,44.20000076293945,43.5,2065500.0,39.13412857055664
2015-11-13,44.09000015258789,43.0099983215332,43.630001068115234,43.130001068115234,2072400.0,38.80126953125
2015-11-16,43.95000076293945,43.02000045776367,43.2400016784668,43.93000030517578,3025100.0,39.52097702026367
2015-11-17,44.33000183105469,42.7400016784668,43.81999969482422,42.86000061035156,3251500.0,38.55837631225586
2015-11-18,43.290000915527344,42.369998931884766,42.83000183105469,43.220001220703125,2386000.0,38.88223648071289
2015-11-19,43.90999984741211,43.369998931884766,43.41999816894531,43.70000076293945,2279500.0,39.314056396484375
2015-11-20,44.34000015258789,43.880001068115234,43.93000030517578,44.11000061035156,2942400.0,39.68291473388672
2015-11-23,44.16999816894531,43.2599983215332,44.029998779296875,43.34000015258789,1591500.0,38.990196228027344
2015-11-24,43.34000015258789,42.75,43.16999816894531,43.220001220703125,1455200.0,38.88223648071289
2015-11-25,43.369998931884766,43.04999923706055,43.2400016784668,43.15999984741211,1157500.0,38.82826232910156
2015-11-27,43.45000076293945,43.11000061035156,43.279998779296875,43.310001373291016,657500.0,38.96320724487305
2015-11-30,44.06999969482422,43.41999816894531,43.45000076293945,43.7599983215332,2954200.0,39.3680419921875
2015-12-01,44.09000015258789,43.45000076293945,44.0,43.83000183105469,1960700.0,39.43101119995117
2015-12-02,43.939998626708984,42.77000045776367,43.939998626708984,42.83000183105469,1928000.0,38.53137969970703
2015-12-03,42.81999969482422,41.97999954223633,42.63999938964844,42.25,3152100.0,38.00959396362305
2015-12-04,43.380001068115234,42.439998626708984,42.47999954223633,43.34000015258789,2711000.0,38.990196228027344
2015-12-07,43.02000045776367,42.599998474121094,42.79999923706055,42.970001220703125,1885100.0,39.040164947509766
2015-12-08,43.06999969482422,42.43000030517578,42.88999938964844,42.7400016784668,2338800.0,38.831199645996094
2015-12-09,43.0,42.369998931884766,42.52000045776367,42.58000183105469,2099800.0,38.68583297729492
2015-12-10,42.65999984741211,41.54999923706055,42.58000183105469,41.709999084472656,1968100.0,37.8953971862793
2015-12-11,42.08000183105469,41.33000183105469,41.52000045776367,41.720001220703125,1658400.0,37.904483795166016
2015-12-14,41.88999938964844,41.40999984741211,41.70000076293945,41.79999923706055,2139400.0,37.97716522216797
2015-12-15,42.27000045776367,41.810001373291016,42.0,41.939998626708984,1864700.0,38.1043586730957
2015-12-16,43.119998931884766,42.040000915527344,42.2599983215332,43.0,1794000.0,39.067413330078125
2015-12-17,44.060001373291016,43.0,43.060001373291016,44.029998779296875,3129800.0,40.00321578979492
2015-12-18,43.849998474121094,43.0099983215332,43.790000915527344,43.20000076293945,3492100.0,39.24912643432617
2015-12-21,43.529998779296875,42.65999984741211,43.279998779296875,42.86000061035156,1473900.0,38.94021987915039
2015-12-22,43.290000915527344,42.439998626708984,42.97999954223633,43.20000076293945,1519700.0,39.24912643432617
2015-12-23,43.95000076293945,43.34000015258789,43.36000061035156,43.849998474121094,1120200.0,39.83967971801758
2015-12-24,43.810001373291016,43.59000015258789,43.7599983215332,43.68000030517578,345800.0,39.68523406982422
2015-12-28,44.04999923706055,43.56999969482422,43.61000061035156,44.040000915527344,891000.0,40.012306213378906
2015-12-29,44.439998626708984,44.02000045776367,44.150001525878906,44.119998931884766,1070900.0,40.08498764038086
2015-12-30,44.369998931884766,43.91999816894531,44.18000030517578,44.0,994100.0,39.975955963134766
2015-12-31,44.0,42.91999816894531,43.95000076293945,43.22999954223633,2080400.0,39.27638626098633
2016-01-04,43.220001220703125,42.58000183105469,43.130001068115234,43.029998779296875,2664400.0,39.09467315673828
2016-01-05,43.59000015258789,42.349998474121094,43.02000045776367,43.540000915527344,2295800.0,39.55803680419922
2016-01-06,43.93000030517578,43.150001525878906,43.2400016784668,43.81999969482422,1974500.0,39.81242370605469
2016-01-07,44.08000183105469,43.400001525878906,43.470001220703125,43.849998474121094,3190200.0,39.83967971801758
2016-01-08,44.04999923706055,43.43000030517578,43.880001068115234,43.5099983215332,2139200.0,39.53078079223633
2016-01-11,43.849998474121094,43.40999984741211,43.540000915527344,43.52000045776367,2237900.0,39.53986358642578
2016-01-12,43.63999938964844,42.97999954223633,43.63999938964844,43.380001068115234,1797100.0,39.412662506103516
2016-01-13,43.75,43.04999923706055,43.540000915527344,43.13999938964844,2263300.0,39.19461441040039
2016-01-14,43.970001220703125,42.86000061035156,43.060001373291016,43.709999084472656,1493900.0,39.71248245239258
2016-01-15,43.70000076293945,42.90999984741211,43.119998931884766,43.5099983215332,2010100.0,39.53078079223633
2016-01-19,44.0,43.13999938964844,44.0,43.45000076293945,4015400.0,39.476261138916016
2016-01-20,43.5,41.5,43.38999938964844,42.33000183105469,3700000.0,38.45869064331055
2016-01-21,42.52000045776367,41.7599983215332,42.33000183105469,42.130001068115234,2107500.0,38.2769889831543
2016-01-22,43.02000045776367,42.099998474121094,42.349998474121094,42.95000076293945,1872200.0,39.02199172973633
2016-01-25,43.09000015258789,42.540000915527344,43.060001373291016,42.66999816894531,1783600.0,38.76759338378906
2016-01-26,43.41999816894531,42.54999923706055,42.7599983215332,42.7599983215332,1621400.0,38.849365234375
2016-01-27,43.459999084472656,42.540000915527344,42.779998779296875,43.20000076293945,1851400.0,39.24912643432617
2016-01-28,44.099998474121094,42.75,43.13999938964844,43.849998474121094,1537300.0,39.83967971801758
2016-01-29,44.970001220703125,44.08000183105469,44.29999923706055,44.91999816894531,2402600.0,40.811824798583984
2016-02-01,45.810001373291016,44.689998626708984,44.72999954223633,45.65999984741211,1843300.0,41.48414993286133
2016-02-02,46.5,45.33000183105469,45.529998779296875,46.380001068115234,2622100.0,42.13829803466797
2016-02-03,47.900001525878906,46.72999954223633,46.77000045776367,47.33000183105469,4515600.0,43.00141906738281
2016-02-04,47.38999938964844,46.2599983215332,47.15999984741211,46.529998779296875,2998600.0,42.27457809448242
2016-02-05,46.7400016784668,45.540000915527344,46.18000030517578,46.4900016784668,2971700.0,42.23823547363281
2016-02-08,46.939998626708984,45.54999923706055,46.619998931884766,46.16999816894531,2379500.0,41.94750213623047
2016-02-09,46.5,45.84000015258789,45.93000030517578,46.08000183105469,2023100.0,41.8657341003418
2016-02-10,46.470001220703125,45.34000015258789,46.029998779296875,46.20000076293945,2547000.0,41.974761962890625
2016-02-11,46.43000030517578,45.34000015258789,46.15999984741211,45.369998931884766,1552900.0,41.22066116333008
2016-02-12,45.709999084472656,44.84000015258789,45.310001373291016,45.25,1134200.0,41.111637115478516
2016-02-16,45.619998931884766,44.90999984741211,45.31999969482422,45.58000183105469,2170400.0,41.41146469116211
2016-02-17,45.56999969482422,45.189998626708984,45.54999923706055,45.310001373291016,1640000.0,41.16615676879883
2016-02-18,46.59000015258789,45.15999984741211,45.25,46.279998779296875,3893900.0,42.04743957519531
2016-02-19,46.689998626708984,45.099998474121094,45.810001373291016,45.599998474121094,4164000.0,41.429630279541016
2016-02-22,46.36000061035156,45.459999084472656,45.560001373291016,46.22999954223633,2395400.0,42.00202178955078
2016-02-23,46.630001068115234,45.7599983215332,45.939998626708984,46.52000045776367,1557600.0,42.2654914855957
2016-02-24,47.560001373291016,46.31999969482422,46.529998779296875,47.47999954223633,2839700.0,43.137699127197266
2016-02-25,48.220001220703125,47.529998779296875,47.65999984741211,48.130001068115234,2103700.0,43.72825241088867
2016-02-26,47.900001525878906,46.470001220703125,47.84000015258789,46.4900016784668,2665800.0,42.23823547363281
2016-02-29,47.439998626708984,46.310001373291016,46.400001525878906,46.95000076293945,2610500.0,42.65616989135742
2016-03-01,47.540000915527344,46.529998779296875,47.189998626708984,46.93000030517578,1916200.0,42.63800048828125
2016-03-02,46.97999954223633,45.560001373291016,46.630001068115234,46.959999084472656,2047600.0,42.665252685546875
2016-03-03,47.0,46.22999954223633,46.97999954223633,47.0,1488800.0,42.70159912109375
2016-03-04,47.599998474121094,46.52000045776367,46.779998779296875,47.349998474121094,1856400.0,43.01958465576172
2016-03-07,47.439998626708984,46.70000076293945,46.83000183105469,47.130001068115234,1461000.0,43.207523345947266
2016-03-08,47.88999938964844,46.939998626708984,47.150001525878906,47.849998474121094,1732600.0,43.86759567260742
2016-03-09,48.40999984741211,47.77000045776367,47.79999923706055,48.27000045776367,1324200.0,44.25263977050781
2016-03-10,48.349998474121094,47.38999938964844,48.20000076293945,47.939998626708984,2972700.0,43.950111389160156
2016-03-11,48.5,47.869998931884766,47.970001220703125,48.220001220703125,1668200.0,44.206809997558594
2016-03-14,48.40999984741211,47.88999938964844,48.0099983215332,48.31999969482422,1374800.0,44.29848098754883
2016-03-15,48.529998779296875,47.959999084472656,48.189998626708984,48.18000030517578,1667200.0,44.17013168334961
2016-03-16,48.58000183105469,47.540000915527344,48.060001373291016,48.43000030517578,1748700.0,44.399330139160156
2016-03-17,49.029998779296875,48.22999954223633,48.31999969482422,48.900001525878906,1573200.0,44.8302116394043
2016-03-18,49.41999816894531,48.41999816894531,49.029998779296875,48.97999954223633,2910800.0,44.9035530090332
2016-03-21,49.09000015258789,48.15999984741211,48.88999938964844,48.779998779296875,1287800.0,44.72019958496094
2016-03-22,49.130001068115234,48.52000045776367,48.849998474121094,48.869998931884766,1717200.0,44.802711486816406
2016-03-23,49.16999816894531,48.5099983215332,48.77000045776367,48.9900016784668,1514300.0,44.912723541259766
2016-03-24,49.279998779296875,48.720001220703125,48.81999969482422,49.25,1179900.0,45.151084899902344
2016-03-28,49.65999984741211,48.91999816894531,49.4900016784668,49.20000076293945,835400.0,45.10524368286133
2016-03-29,49.900001525878906,49.150001525878906,49.20000076293945,49.88999938964844,1355200.0,45.737815856933594
2016-03-30,49.900001525878906,49.38999938964844,49.900001525878906,49.75,1622000.0,45.60947036743164
2016-03-31,50.15999984741211,49.349998474121094,49.720001220703125,50.099998474121094,2533400.0,45.930335998535156
2016-04-01,50.58000183105469,49.75,50.099998474121094,50.540000915527344,1415700.0,46.33372497558594
2016-04-04,51.060001373291016,50.369998931884766,50.56999969482422,50.83000183105469,2644900.0,46.599578857421875
2016-04-05,50.790000915527344,49.47999954223633,50.7400016784668,49.52000045776367,2311300.0,45.398616790771484
2016-04-06,49.58000183105469,49.11000061035156,49.459999084472656,49.54999923706055,1312500.0,45.426116943359375
2016-04-07,49.75,49.0099983215332,49.279998779296875,49.15999984741211,1991600.0,45.068572998046875
2016-04-08,51.0,48.70000076293945,49.400001525878906,48.779998779296875,4971300.0,44.72019958496094
2016-04-11,49.130001068115234,48.540000915527344,48.86000061035156,48.68000030517578,2266000.0,44.62852096557617
2016-04-12,48.86000061035156,48.41999816894531,48.779998779296875,48.709999084472656,1763800.0,44.65602111816406
2016-04-13,48.79999923706055,48.130001068115234,48.79999923706055,48.29999923706055,1453100.0,44.2801513671875
2016-04-14,48.5099983215332,48.060001373291016,48.189998626708984,48.349998474121094,962800.0,44.325984954833984
2016-04-15,48.83000183105469,48.2599983215332,48.52000045776367,48.72999954223633,1056500.0,44.67435836791992
2016-04-18,49.119998931884766,48.5099983215332,48.7400016784668,49.08000183105469,1227100.0,44.995235443115234
2016-04-19,49.27000045776367,48.779998779296875,49.099998474121094,49.119998931884766,1215200.0,45.03190231323242
2016-04-20,49.189998626708984,47.540000915527344,49.029998779296875,47.59000015258789,1437500.0,43.62923812866211
2016-04-21,47.560001373291016,46.290000915527344,47.47999954223633,46.470001220703125,1423000.0,42.60245895385742
2016-04-22,46.959999084472656,46.38999938964844,46.619998931884766,46.54999923706055,1493100.0,42.6757926940918
2016-04-25,46.970001220703125,46.400001525878906,46.47999954223633,46.970001220703125,2199900.0,43.06084060668945
2016-04-26,47.189998626708984,46.630001068115234,47.029998779296875,46.810001373291016,1741300.0,42.91415786743164
2016-04-27,47.47999954223633,46.56999969482422,46.959999084472656,47.2599983215332,1860300.0,43.326698303222656
2016-04-28,47.720001220703125,46.54999923706055,46.81999969482422,47.689998626708984,1530100.0,43.720916748046875
2016-04-29,48.060001373291016,47.08000183105469,47.45000076293945,48.0,2112700.0,44.00511169433594
2016-05-02,48.54999923706055,47.79999923706055,48.04999923706055,48.13999938964844,1896200.0,44.13346862792969
2016-05-03,48.75,48.189998626708984,48.189998626708984,48.54999923706055,1589800.0,44.509342193603516
2016-05-04,49.220001220703125,48.2400016784668,48.470001220703125,48.72999954223633,2498600.0,44.67435836791992
2016-05-05,49.27000045776367,48.43000030517578,48.63999938964844,48.880001068115234,1680600.0,44.811885833740234
2016-05-06,48.83000183105469,47.81999969482422,48.83000183105469,48.189998626708984,1598700.0,44.179298400878906
2016-05-09,48.54999923706055,48.04999923706055,48.279998779296875,48.43000030517578,1443000.0,44.399330139160156
2016-05-10,48.86000061035156,48.400001525878906,48.52000045776367,48.65999984741211,1366600.0,44.61018371582031
2016-05-11,49.0,47.939998626708984,48.630001068115234,48.150001525878906,3296300.0,44.142635345458984
2016-05-12,48.77000045776367,47.349998474121094,48.11000061035156,48.119998931884766,3854500.0,44.11513137817383
2016-05-13,48.33000183105469,47.58000183105469,48.119998931884766,48.06999969482422,1579400.0,44.06928634643555
2016-05-16,48.16999816894531,47.619998931884766,47.939998626708984,47.900001525878906,1578000.0,43.9134407043457
2016-05-17,47.959999084472656,47.0,47.79999923706055,47.31999969482422,2806300.0,43.38170623779297
2016-05-18,47.70000076293945,46.59000015258789,47.099998474121094,46.81999969482422,3266300.0,42.9233283996582
2016-05-19,47.369998931884766,46.29999923706055,46.66999816894531,47.349998474121094,2160000.0,43.409210205078125
2016-05-20,47.61000061035156,46.849998474121094,47.4900016784668,47.2400016784668,2855500.0,43.30836486816406
2016-05-23,47.36000061035156,46.650001525878906,47.290000915527344,46.689998626708984,1427900.0,42.80414581298828
2016-05-24,47.310001373291016,46.720001220703125,46.7400016784668,47.2400016784668,872000.0,43.30836486816406
2016-05-25,47.31999969482422,46.86000061035156,47.06999969482422,47.11000061035156,1151200.0,43.189186096191406
2016-05-26,48.13999938964844,47.09000015258789,47.09000015258789,47.83000183105469,1722700.0,43.849266052246094
2016-05-27,48.130001068115234,47.619998931884766,47.779998779296875,48.11000061035156,1251800.0,44.10596466064453
2016-05-31,49.7400016784668,47.970001220703125,48.20000076293945,49.54999923706055,7029300.0,45.426116943359375
2016-06-01,49.619998931884766,49.16999816894531,49.400001525878906,49.43000030517578,2918100.0,45.31610107421875
2016-06-02,49.38999938964844,48.689998626708984,49.2599983215332,49.099998474121094,2354800.0,45.01356887817383
2016-06-03,50.25,49.5,49.58000183105469,50.0,1938700.0,45.838661193847656
2016-06-06,49.779998779296875,49.27000045776367,49.470001220703125,49.540000915527344,1930100.0,45.80630111694336
2016-06-07,49.91999816894531,49.349998474121094,49.459999084472656,49.47999954223633,1772300.0,45.750823974609375
2016-06-08,49.70000076293945,49.290000915527344,49.4900016784668,49.68000030517578,809000.0,45.93574905395508
2016-06-09,50.939998626708984,49.70000076293945,49.70000076293945,50.88999938964844,1961100.0,47.05455017089844
2016-06-10,51.02000045776367,50.540000915527344,50.7400016784668,50.959999084472656,1709200.0,47.11927795410156
2016-06-13,51.130001068115234,50.720001220703125,50.959999084472656,50.7599983215332,1340000.0,46.934356689453125
2016-06-14,51.400001525878906,50.45000076293945,50.54999923706055,51.310001373291016,2194500.0,47.442901611328125
2016-06-15,51.36000061035156,50.619998931884766,51.36000061035156,50.90999984741211,1418600.0,47.07304763793945
2016-06-16,51.36000061035156,50.869998931884766,50.91999816894531,51.20000076293945,1115200.0,47.3411865234375
2016-06-17,51.310001373291016,50.66999816894531,51.02000045776367,51.27000045776367,1587200.0,47.405914306640625
2016-06-20,51.560001373291016,50.79999923706055,51.400001525878906,51.349998474121094,1836200.0,47.47988510131836
2016-06-21,51.599998474121094,50.9900016784668,51.2599983215332,51.369998931884766,1003700.0,47.49837875366211
2016-06-22,51.47999954223633,51.130001068115234,51.43000030517578,51.2599983215332,1053100.0,47.396671295166016
2016-06-23,51.5,51.04999923706055,51.2599983215332,51.5,1035600.0,47.61857604980469
2016-06-24,52.310001373291016,50.849998474121094,51.7400016784668,51.790000915527344,2136400.0,47.886722564697266
2016-06-27,52.61000061035156,51.5,51.72999954223633,52.310001373291016,1956900.0,48.367530822753906
2016-06-28,52.59000015258789,51.810001373291016,52.59000015258789,52.279998779296875,1875000.0,48.33979797363281
2016-06-29,52.689998626708984,52.119998931884766,52.27000045776367,52.5,1767900.0,48.543216705322266
2016-06-30,53.59000015258789,52.470001220703125,52.63999938964844,53.58000183105469,2390700.0,49.54182052612305
2016-07-01,53.93000030517578,53.15999984741211,53.77000045776367,53.75,1518300.0,49.699005126953125
2016-07-05,54.08000183105469,53.599998474121094,53.75,53.7599983215332,3291200.0,49.708248138427734
2016-07-06,53.90999984741211,53.09000015258789,53.7599983215332,53.77000045776367,2390600.0,49.717491149902344
2016-07-07,53.630001068115234,52.470001220703125,53.630001068115234,52.650001525878906,2643200.0,48.68191146850586
2016-07-08,53.18000030517578,51.97999954223633,52.41999816894531,53.150001525878906,1782700.0,49.14421844482422
2016-07-11,53.09000015258789,52.380001068115234,52.93000030517578,52.939998626708984,1680100.0,48.95004653930664
2016-07-12,52.849998474121094,52.310001373291016,52.5099983215332,52.459999084472656,1874000.0,48.5062255859375
2016-07-13,52.90999984741211,52.52000045776367,52.72999954223633,52.880001068115234,1160800.0,48.89457321166992
2016-07-14,52.70000076293945,50.650001525878906,52.560001373291016,52.2400016784668,1263900.0,48.30280303955078
2016-07-15,52.61000061035156,52.279998779296875,52.34000015258789,52.5099983215332,1202500.0,48.55245590209961
2016-07-18,52.72999954223633,52.45000076293945,52.52000045776367,52.5099983215332,998100.0,48.55245590209961
2016-07-19,52.70000076293945,52.130001068115234,52.66999816894531,52.34000015258789,1015000.0,48.3952751159668
2016-07-20,52.369998931884766,52.0,52.34000015258789,52.209999084472656,827400.0,48.27506637573242
2016-07-21,52.279998779296875,51.68000030517578,52.040000915527344,52.2400016784668,2180800.0,48.30280303955078
2016-07-22,52.970001220703125,52.2400016784668,52.2400016784668,52.869998931884766,1712000.0,48.88533401489258
2016-07-25,52.939998626708984,52.41999816894531,52.83000183105469,52.70000076293945,773200.0,48.7281379699707
2016-07-26,52.849998474121094,51.95000076293945,52.849998474121094,52.220001220703125,1196600.0,48.2843132019043
2016-07-27,52.25,51.2599983215332,52.060001373291016,51.77000045776367,1524600.0,47.86822509765625
2016-07-28,52.209999084472656,51.630001068115234,51.779998779296875,52.150001525878906,924100.0,48.21959686279297
2016-07-29,52.65999984741211,52.08000183105469,52.16999816894531,52.439998626708984,1206800.0,48.487735748291016
2016-08-01,52.59000015258789,52.2400016784668,52.43000030517578,52.52000045776367,1495400.0,48.561710357666016
2016-08-02,52.41999816894531,51.88999938964844,51.970001220703125,52.16999816894531,1020300.0,48.23808670043945
2016-08-03,52.130001068115234,51.369998931884766,52.08000183105469,51.650001525878906,1771500.0,47.75727844238281
2016-08-04,52.189998626708984,51.619998931884766,51.709999084472656,51.84000015258789,1472800.0,47.93295669555664
2016-08-05,52.25,50.869998931884766,51.97999954223633,51.0,2196700.0,47.15626907348633
2016-08-08,51.5099983215332,50.869998931884766,51.099998474121094,50.939998626708984,1279000.0,47.10078811645508
2016-08-09,51.2400016784668,50.720001220703125,50.86000061035156,50.939998626708984,912600.0,47.10078811645508
2016-08-10,51.220001220703125,50.869998931884766,51.060001373291016,51.02000045776367,975100.0,47.17475891113281
2016-08-11,51.15999984741211,50.709999084472656,51.02000045776367,51.02000045776367,871700.0,47.17475891113281
2016-08-12,51.4900016784668,51.029998779296875,51.22999954223633,51.04999923706055,1160300.0,47.202491760253906
2016-08-15,51.209999084472656,50.380001068115234,51.0,50.40999984741211,977500.0,46.61073303222656
2016-08-16,50.310001373291016,49.79999923706055,50.27000045776367,49.81999969482422,1726500.0,46.06520080566406
2016-08-17,50.84000015258789,49.34000015258789,49.7400016784668,50.709999084472656,2004800.0,46.888118743896484
2016-08-18,51.349998474121094,50.65999984741211,50.709999084472656,51.349998474121094,1477500.0,47.47988510131836
2016-08-19,51.2599983215332,50.2599983215332,51.2400016784668,50.56999969482422,1371400.0,46.758670806884766
2016-08-22,50.900001525878906,50.58000183105469,50.70000076293945,50.650001525878906,1284000.0,46.832645416259766
2016-08-23,51.08000183105469,50.41999816894531,50.7400016784668,50.41999816894531,820700.0,46.619972229003906
2016-08-24,50.4900016784668,49.95000076293945,50.290000915527344,50.31999969482422,1550500.0,46.52751541137695
2016-08-25,50.58000183105469,50.310001373291016,50.380001068115234,50.439998626708984,931600.0,46.63846969604492
2016-08-26,50.75,49.36000061035156,50.4900016784668,49.400001525878906,1397800.0,45.67685317993164
2016-08-29,49.91999816894531,49.5099983215332,49.5099983215332,49.77000045776367,1467800.0,46.01896286010742
2016-08-30,50.040000915527344,49.25,49.75,49.29999923706055,974400.0,45.584388732910156
2016-08-31,49.52000045776367,49.150001525878906,49.33000183105469,49.41999816894531,1449400.0,45.69533157348633
2016-09-01,49.5,49.08000183105469,49.400001525878906,49.150001525878906,1292800.0,45.44569778442383
2016-09-02,49.66999816894531,49.02000045776367,49.150001525878906,49.65999984741211,1898600.0,45.91725540161133
2016-09-06,49.970001220703125,49.279998779296875,49.52000045776367,49.84000015258789,1282400.0,46.48149490356445
2016-09-07,50.060001373291016,49.58000183105469,49.790000915527344,50.02000045776367,1073300.0,46.64936447143555
2016-09-08,50.2400016784668,49.619998931884766,49.900001525878906,49.849998474121094,1467900.0,46.49081039428711
2016-09-09,49.5099983215332,48.029998779296875,49.439998626708984,48.060001373291016,1926300.0,44.82143783569336
2016-09-12,48.93000030517578,48.0,48.08000183105469,48.86000061035156,1814900.0,45.567527770996094
2016-09-13,48.7599983215332,47.790000915527344,48.72999954223633,48.099998474121094,1773900.0,44.85873794555664
2016-09-14,48.72999954223633,48.08000183105469,48.22999954223633,48.4900016784668,1295700.0,45.22246170043945
2016-09-15,48.79999923706055,48.220001220703125,48.38999938964844,48.650001525878906,1523100.0,45.371681213378906
2016-09-16,49.45000076293945,48.2400016784668,48.540000915527344,49.380001068115234,2038400.0,46.05248260498047
2016-09-19,50.04999923706055,49.36000061035156,49.4900016784668,50.040000915527344,1841600.0,46.66801452636719
2016-09-20,50.68000030517578,50.09000015258789,50.220001220703125,50.099998474121094,1394200.0,46.72396469116211
2016-09-21,51.20000076293945,50.02000045776367,50.04999923706055,51.13999938964844,1602600.0,47.693885803222656
2016-09-22,51.470001220703125,50.86000061035156,51.34000015258789,51.40999984741211,1273300.0,47.94569778442383
2016-09-23,51.86000061035156,50.9900016784668,51.220001220703125,51.70000076293945,1576300.0,48.216148376464844
2016-09-26,51.7599983215332,51.290000915527344,51.689998626708984,51.47999954223633,1164200.0,48.0109748840332
2016-09-27,51.90999984741211,50.470001220703125,51.7599983215332,50.560001373291016,1541000.0,47.15297317504883
2016-09-28,50.810001373291016,49.779998779296875,50.72999954223633,50.36000061035156,2037800.0,46.96644592285156
2016-09-29,50.209999084472656,49.290000915527344,50.11000061035156,49.599998474121094,1491500.0,46.25765609741211
2016-09-30,49.95000076293945,48.900001525878906,49.72999954223633,49.18000030517578,2012800.0,45.865962982177734
2016-10-03,49.08000183105469,48.18000030517578,48.970001220703125,48.630001068115234,1567500.0,45.353023529052734
2016-10-04,48.52000045776367,47.029998779296875,48.5099983215332,47.380001068115234,3360900.0,44.187259674072266
2016-10-05,47.95000076293945,47.279998779296875,47.5099983215332,47.709999084472656,4074600.0,44.49501419067383
2016-10-06,47.83000183105469,47.209999084472656,47.470001220703125,47.59000015258789,1230300.0,44.38310623168945
2016-10-07,48.33000183105469,47.369998931884766,47.97999954223633,47.43000030517578,1472300.0,44.233890533447266
2016-10-10,47.790000915527344,47.40999984741211,47.5,47.70000076293945,1352300.0,44.48570251464844
2016-10-11,47.689998626708984,46.86000061035156,47.5,46.880001068115234,1444200.0,43.720943450927734
2016-10-12,47.709999084472656,46.84000015258789,46.959999084472656,47.59000015258789,2038500.0,44.38310623168945
2016-10-13,48.41999816894531,47.540000915527344,47.63999938964844,48.040000915527344,1801200.0,44.80278015136719
2016-10-14,48.29999923706055,47.66999816894531,47.81999969482422,48.029998779296875,1658200.0,44.79345703125
2016-10-17,48.38999938964844,47.880001068115234,48.22999954223633,48.18000030517578,1030300.0,44.933349609375
2016-10-18,48.95000076293945,47.959999084472656,48.45000076293945,48.90999984741211,1074000.0,45.61415481567383
2016-10-19,48.88999938964844,48.4900016784668,48.790000915527344,48.70000076293945,1221900.0,45.418304443359375
2016-10-20,48.9900016784668,48.5,48.70000076293945,48.619998931884766,758000.0,45.34370040893555
2016-10-21,48.630001068115234,48.15999984741211,48.36000061035156,48.470001220703125,1069100.0,45.20380401611328
2016-10-24,48.93000030517578,48.33000183105469,48.720001220703125,48.650001525878906,997400.0,45.371681213378906
2016-10-25,49.040000915527344,48.40999984741211,48.47999954223633,49.029998779296875,1285600.0,45.726070404052734
2016-10-26,49.220001220703125,48.63999938964844,49.0,49.099998474121094,696200.0,45.79135513305664
2016-10-27,49.09000015258789,48.45000076293945,48.88999938964844,48.7400016784668,1114500.0,45.45561218261719
2016-10-28,49.2400016784668,48.70000076293945,48.81999969482422,48.869998931884766,1939000.0,45.57685470581055
2016-10-31,50.25,48.970001220703125,49.150001525878906,49.95000076293945,1469000.0,46.584075927734375
2016-11-01,49.959999084472656,49.119998931884766,49.959999084472656,49.16999816894531,1382000.0,45.85662841796875
2016-11-02,49.099998474121094,48.2400016784668,49.099998474121094,48.650001525878906,1293500.0,45.371681213378906
2016-11-03,49.25,48.36000061035156,48.540000915527344,49.06999969482422,1527900.0,45.76337814331055
2016-11-04,50.27000045776367,49.27000045776367,49.95000076293945,49.36000061035156,1733000.0,46.033836364746094
2016-11-07,50.83000183105469,49.380001068115234,49.75,50.810001373291016,1779800.0,47.38612747192383
2016-11-08,51.459999084472656,50.7599983215332,50.93000030517578,51.209999084472656,1400300.0,47.75917053222656
2016-11-09,49.9900016784668,48.970001220703125,49.79999923706055,49.04999923706055,1905400.0,45.74472427368164
2016-11-10,48.709999084472656,47.279998779296875,48.709999084472656,47.79999923706055,2323700.0,44.57895278930664
2016-11-11,48.45000076293945,47.61000061035156,47.79999923706055,47.77000045776367,2161700.0,44.55097961425781
2016-11-14,48.66999816894531,46.970001220703125,47.4900016784668,48.619998931884766,3517900.0,45.34370040893555
2016-11-15,49.470001220703125,48.650001525878906,48.880001068115234,49.27000045776367,2124700.0,45.94990158081055
2016-11-16,49.52000045776367,48.189998626708984,49.36000061035156,48.470001220703125,1641300.0,45.20380401611328
2016-11-17,48.810001373291016,48.290000915527344,48.36000061035156,48.5099983215332,1438900.0,45.24110794067383
2016-11-18,48.81999969482422,48.279998779296875,48.43000030517578,48.47999954223633,1224400.0,45.21312713623047
2016-11-21,49.119998931884766,48.470001220703125,48.529998779296875,48.84000015258789,867000.0,45.54887771606445
2016-11-22,49.529998779296875,48.77000045776367,48.91999816894531,49.43000030517578,1542400.0,46.09912109375
2016-11-23,49.439998626708984,48.83000183105469,48.849998474121094,49.06999969482422,1348300.0,45.76337814331055
2016-11-25,50.09000015258789,49.13999938964844,49.220001220703125,49.9900016784668,616600.0,46.62137985229492
2016-11-28,51.209999084472656,50.130001068115234,50.150001525878906,51.08000183105469,1825400.0,47.6379280090332
2016-11-29,51.369998931884766,50.68000030517578,50.810001373291016,50.93000030517578,1500400.0,47.498043060302734
2016-11-30,50.34000015258789,49.119998931884766,49.470001220703125,49.119998931884766,1962900.0,45.81000518798828
2016-12-01,49.0,48.31999969482422,48.849998474121094,48.90999984741211,1464500.0,45.61415481567383
2016-12-02,49.9900016784668,49.220001220703125,49.220001220703125,49.65999984741211,1749700.0,46.31361770629883
2016-12-05,49.18000030517578,48.40999984741211,49.09000015258789,49.15999984741211,1324900.0,46.25715255737305
2016-12-06,49.56999969482422,49.119998931884766,49.31999969482422,49.34000015258789,1625000.0,46.42653274536133
2016-12-07,50.189998626708984,49.41999816894531,49.58000183105469,49.880001068115234,2040900.0,46.93464660644531
2016-12-08,49.970001220703125,48.79999923706055,49.38999938964844,49.81999969482422,1261700.0,46.87818908691406
2016-12-09,50.72999954223633,49.75,49.81999969482422,50.72999954223633,2790800.0,47.73444747924805
2016-12-12,51.400001525878906,50.349998474121094,50.56999969482422,51.34000015258789,1823700.0,48.308433532714844
2016-12-13,51.939998626708984,51.15999984741211,51.369998931884766,51.91999816894531,1550600.0,48.854183197021484
2016-12-14,52.36000061035156,50.63999938964844,52.029998779296875,50.70000076293945,1349000.0,47.70622634887695
2016-12-15,51.22999954223633,50.36000061035156,50.58000183105469,51.099998474121094,1059500.0,48.08259963989258
2016-12-16,51.849998474121094,51.130001068115234,51.130001068115234,51.599998474121094,1830000.0,48.55308151245117
2016-12-19,52.16999816894531,51.459999084472656,51.939998626708984,51.88999938964844,958600.0,48.825958251953125
2016-12-20,52.349998474121094,51.720001220703125,51.91999816894531,52.189998626708984,918300.0,49.108245849609375
2016-12-21,52.529998779296875,51.93000030517578,52.16999816894531,51.95000076293945,832800.0,48.88241195678711
2016-12-22,52.45000076293945,51.66999816894531,51.970001220703125,52.40999984741211,965000.0,49.315250396728516
2016-12-23,52.63999938964844,52.25,52.5,52.45000076293945,597600.0,49.3528938293457
2016-12-27,52.7599983215332,52.22999954223633,52.43000030517578,52.560001373291016,632900.0,49.456398010253906
2016-12-28,52.58000183105469,51.7400016784668,52.58000183105469,51.81999969482422,615100.0,48.76008605957031
2016-12-29,52.70000076293945,51.959999084472656,52.27000045776367,52.560001373291016,922600.0,49.456398010253906
2016-12-30,52.880001068115234,52.25,52.4900016784668,52.459999084472656,950700.0,49.36229705810547
2017-01-03,52.59000015258789,51.93000030517578,52.59000015258789,52.380001068115234,1107200.0,49.287025451660156
2017-01-04,52.91999816894531,52.22999954223633,52.45000076293945,52.439998626708984,1114300.0,49.34347915649414
2017-01-05,52.7599983215332,51.90999984741211,52.45000076293945,52.70000076293945,2256100.0,49.58812713623047
2017-01-06,53.400001525878906,52.40999984741211,52.470001220703125,53.099998474121094,1883800.0,49.964508056640625
2017-01-09,53.220001220703125,51.900001525878906,53.130001068115234,51.9900016784668,1580500.0,48.92005157470703
2017-01-10,52.45000076293945,51.65999984741211,52.04999923706055,51.970001220703125,1286600.0,48.9012336730957
2017-01-11,52.439998626708984,51.88999938964844,51.900001525878906,52.20000076293945,1674100.0,49.11765670776367
2017-01-12,52.38999938964844,51.810001373291016,52.189998626708984,51.959999084472656,1470200.0,48.89183044433594
2017-01-13,52.09000015258789,51.70000076293945,51.900001525878906,51.970001220703125,905500.0,48.9012336730957
2017-01-17,52.599998474121094,52.0099983215332,52.060001373291016,52.54999923706055,1011500.0,49.446983337402344
2017-01-18,52.65999984741211,52.2400016784668,52.38999938964844,52.36000061035156,880600.0,49.26819610595703
2017-01-19,52.31999969482422,51.650001525878906,52.16999816894531,51.810001373291016,915700.0,48.75068283081055
2017-01-20,52.400001525878906,51.779998779296875,51.90999984741211,52.04999923706055,806100.0,48.976505279541016
2017-01-23,52.400001525878906,51.93000030517578,52.15999984741211,51.97999954223633,665400.0,48.91064453125
2017-01-24,52.2400016784668,51.790000915527344,51.90999984741211,52.060001373291016,1129900.0,48.985923767089844
2017-01-25,52.06999969482422,51.61000061035156,51.84000015258789,51.900001525878906,974400.0,48.83536911010742
2017-01-26,52.279998779296875,51.720001220703125,51.91999816894531,52.08000183105469,1061900.0,49.004737854003906
2017-01-27,52.29999923706055,51.66999816894531,52.2400016784668,51.81999969482422,649600.0,48.76008605957031
2017-01-30,52.0099983215332,51.349998474121094,52.0099983215332,51.689998626708984,592900.0,48.63776397705078
2017-01-31,52.65999984741211,51.63999938964844,51.720001220703125,52.650001525878906,1460100.0,49.541080474853516
2017-02-01,52.63999938964844,51.61000061035156,52.2400016784668,51.75,1076900.0,48.69422149658203
2017-02-02,52.619998931884766,51.689998626708984,51.86000061035156,52.59000015258789,1032200.0,49.48462677001953
2017-02-03,52.970001220703125,52.540000915527344,52.779998779296875,52.689998626708984,623300.0,49.57872009277344
2017-02-06,52.97999954223633,52.529998779296875,52.869998931884766,52.650001525878906,874700.0,49.541080474853516
2017-02-07,52.880001068115234,52.560001373291016,52.7400016784668,52.68000030517578,544300.0,49.56930923461914
2017-02-08,53.2400016784668,52.77000045776367,52.810001373291016,53.119998931884766,943300.0,49.98332977294922
2017-02-09,53.31999969482422,52.470001220703125,53.060001373291016,52.900001525878906,1261500.0,49.77632141113281
2017-02-10,53.04999923706055,52.58000183105469,52.720001220703125,52.93000030517578,1060100.0,49.804542541503906
2017-02-13,53.209999084472656,52.63999938964844,52.93000030517578,53.04999923706055,1404000.0,49.91746139526367
2017-02-14,52.90999984741211,52.2599983215332,52.90999984741211,52.650001525878906,1416700.0,49.541080474853516
2017-02-15,52.59000015258789,51.810001373291016,52.13999938964844,52.540000915527344,2209500.0,49.43757247924805
2017-02-16,53.08000183105469,52.0,52.0099983215332,52.939998626708984,2248200.0,49.8139533996582
2017-02-17,53.47999954223633,52.900001525878906,53.099998474121094,53.369998931884766,1846800.0,50.21856689453125
2017-02-21,53.970001220703125,53.099998474121094,53.220001220703125,53.88999938964844,1461800.0,50.70785903930664
2017-02-22,54.099998474121094,53.5,53.83000183105469,53.970001220703125,1145100.0,50.78313446044922
2017-02-23,54.27000045776367,53.689998626708984,54.22999954223633,54.06999969482422,1456100.0,50.87722396850586
2017-02-24,54.599998474121094,54.029998779296875,54.13999938964844,54.58000183105469,2108800.0,51.35711669921875
2017-02-27,54.59000015258789,53.880001068115234,54.54999923706055,54.290000915527344,1616000.0,51.0842399597168
2017-02-28,54.83000183105469,54.099998474121094,54.15999984741211,54.689998626708984,2668600.0,51.46062088012695
2017-03-01,55.06999969482422,53.869998931884766,54.029998779296875,54.7599983215332,1674900.0,51.526485443115234
2017-03-02,55.5099983215332,54.400001525878906,54.529998779296875,55.119998931884766,906400.0,51.86522674560547
2017-03-03,55.220001220703125,54.43000030517578,55.130001068115234,54.88999938964844,920800.0,51.64881134033203
2017-03-06,55.15999984741211,54.65999984741211,54.849998474121094,54.88999938964844,1138200.0,51.64881134033203
2017-03-07,54.970001220703125,54.709999084472656,54.86000061035156,54.81999969482422,1005200.0,51.58294677734375
2017-03-08,54.4900016784668,53.970001220703125,54.279998779296875,54.119998931884766,1061800.0,50.924278259277344
2017-03-09,54.529998779296875,54.11000061035156,54.2599983215332,54.119998931884766,1288000.0,50.924278259277344
2017-03-10,54.220001220703125,53.47999954223633,53.97999954223633,53.88999938964844,1891100.0,51.12348937988281
2017-03-13,54.25,53.7599983215332,53.84000015258789,54.189998626708984,1718200.0,51.4080924987793
2017-03-14,54.29999923706055,53.900001525878906,54.16999816894531,54.02000045776367,1685400.0,51.246822357177734
2017-03-15,55.02000045776367,54.13999938964844,54.22999954223633,54.790000915527344,1407800.0,51.977294921875
2017-03-16,54.619998931884766,54.119998931884766,54.470001220703125,54.349998474121094,1388300.0,51.55988693237305
2017-03-17,55.279998779296875,54.380001068115234,54.43000030517578,55.04999923706055,2346100.0,52.22394943237305
2017-03-20,55.22999954223633,54.52000045776367,55.060001373291016,54.689998626708984,1380000.0,51.88243103027344
2017-03-21,55.61000061035156,54.61000061035156,54.61000061035156,55.4900016784668,1377100.0,52.64136505126953
2017-03-22,56.20000076293945,55.54999923706055,55.7400016784668,56.040000915527344,1776600.0,53.16312026977539
2017-03-23,56.5,55.810001373291016,55.86000061035156,56.04999923706055,1924400.0,53.172611236572266
2017-03-24,56.43000030517578,55.86000061035156,56.029998779296875,56.189998626708984,1141500.0,53.30542755126953
2017-03-27,56.56999969482422,55.970001220703125,56.41999816894531,56.04999923706055,1083300.0,53.172611236572266
2017-03-28,56.439998626708984,54.88999938964844,55.939998626708984,55.310001373291016,5066700.0,52.47060012817383
2017-03-29,55.349998474121094,54.83000183105469,55.20000076293945,55.130001068115234,1996800.0,52.299842834472656
2017-03-30,54.9900016784668,54.47999954223633,54.959999084472656,54.689998626708984,1310100.0,51.88243103027344
2017-03-31,54.90999984741211,54.5,54.560001373291016,54.59000015258789,2105200.0,51.78756332397461
2017-04-03,54.59000015258789,54.13999938964844,54.52000045776367,54.56999969482422,1428700.0,51.76858901977539
2017-04-04,55.040000915527344,54.4900016784668,54.630001068115234,54.720001220703125,977800.0,51.910888671875
2017-04-05,55.09000015258789,54.38999938964844,54.61000061035156,55.04999923706055,2026700.0,52.22394943237305
2017-04-06,55.15999984741211,54.599998474121094,55.040000915527344,54.709999084472656,2280300.0,51.90140151977539
2017-04-07,54.959999084472656,54.470001220703125,54.83000183105469,54.52000045776367,1870100.0,51.72115707397461
2017-04-10,54.7599983215332,54.189998626708984,54.54999923706055,54.709999084472656,1156700.0,51.90140151977539
2017-04-11,54.86000061035156,54.290000915527344,54.5,54.790000915527344,1522700.0,51.977294921875
2017-04-12,55.41999816894531,54.560001373291016,54.70000076293945,55.38999938964844,2243100.0,52.54649353027344
2017-04-13,55.36000061035156,54.72999954223633,55.36000061035156,54.9900016784668,1885800.0,52.167030334472656
2017-04-17,55.4900016784668,54.93000030517578,55.16999816894531,55.43000030517578,2073800.0,52.58443832397461
2017-04-18,55.65999984741211,55.189998626708984,55.470001220703125,55.34000015258789,1139300.0,52.49905776977539
2017-04-19,55.40999984741211,54.709999084472656,55.25,54.88999938964844,1045700.0,52.07215881347656
2017-04-20,54.88999938964844,54.029998779296875,54.88999938964844,54.540000915527344,2445600.0,51.740135192871094
2017-04-21,55.22999954223633,54.459999084472656,54.52000045776367,55.09000015258789,1262600.0,52.26189041137695
2017-04-24,55.68000030517578,54.779998779296875,55.2599983215332,55.43000030517578,1463900.0,52.58443832397461
2017-04-25,55.380001068115234,54.869998931884766,55.20000076293945,55.08000183105469,1806700.0,52.25240707397461
2017-04-26,55.52000045776367,54.790000915527344,54.939998626708984,55.15999984741211,1794400.0,52.328304290771484
2017-04-27,55.38999938964844,54.970001220703125,55.09000015258789,55.029998779296875,1245500.0,52.2049674987793
2017-04-28,55.11000061035156,54.47999954223633,54.9900016784668,54.689998626708984,1094100.0,51.88243103027344
2017-05-01,54.810001373291016,54.06999969482422,54.790000915527344,54.27000045776367,1088400.0,51.483985900878906
2017-05-02,54.630001068115234,53.939998626708984,54.45000076293945,54.25,1837100.0,51.46501541137695
2017-05-03,54.689998626708984,54.16999816894531,54.22999954223633,54.2400016784668,1592400.0,51.45553207397461
2017-05-04,54.849998474121094,53.720001220703125,54.369998931884766,54.810001373291016,1469500.0,51.99626922607422
2017-05-05,55.119998931884766,54.709999084472656,54.95000076293945,54.779998779296875,1210600.0,51.967811584472656
2017-05-08,54.95000076293945,54.439998626708984,54.79999923706055,54.630001068115234,875500.0,51.82551193237305
2017-05-09,54.689998626708984,54.13999938964844,54.630001068115234,54.209999084472656,936500.0,51.427066802978516
2017-05-10,54.54999923706055,54.150001525878906,54.2400016784668,54.45000076293945,1025400.0,51.65475082397461
2017-05-11,54.45000076293945,53.869998931884766,54.310001373291016,54.45000076293945,1220400.0,51.65475082397461
2017-05-12,55.09000015258789,54.470001220703125,54.470001220703125,54.93000030517578,1316300.0,52.110103607177734
2017-05-15,55.20000076293945,54.790000915527344,54.86000061035156,55.16999816894531,1080900.0,52.3377799987793
2017-05-16,55.31999969482422,54.599998474121094,55.099998474121094,54.65999984741211,1650900.0,51.853965759277344
2017-05-17,54.97999954223633,54.40999984741211,54.65999984741211,54.43000030517578,2385200.0,51.63577651977539
2017-05-18,55.349998474121094,54.220001220703125,54.63999938964844,55.29999923706055,3231000.0,52.461116790771484
2017-05-19,55.880001068115234,54.849998474121094,55.279998779296875,55.599998474121094,1980600.0,52.74570846557617
2017-05-22,56.529998779296875,55.47999954223633,55.47999954223633,56.41999816894531,2605600.0,53.52361297607422
2017-05-23,57.09000015258789,56.369998931884766,56.5099983215332,56.459999084472656,2437400.0,53.561561584472656
2017-05-24,56.5,55.91999816894531,56.31999969482422,56.13999938964844,3260200.0,53.25798797607422
2017-05-25,56.2400016784668,55.209999084472656,55.720001220703125,56.04999923706055,2165400.0,53.172611236572266
2017-05-26,56.209999084472656,55.880001068115234,55.9900016784668,56.150001525878906,1187800.0,53.267478942871094
2017-05-30,56.56999969482422,55.869998931884766,56.16999816894531,56.459999084472656,1189900.0,53.561561584472656
2017-05-31,56.959999084472656,56.56999969482422,56.56999969482422,56.75,2086000.0,53.836673736572266
2017-06-01,56.88999938964844,56.41999816894531,56.75,56.79999923706055,2592100.0,53.88410186767578
2017-06-02,57.209999084472656,56.54999923706055,57.029998779296875,57.16999816894531,1508300.0,54.23511505126953
2017-06-05,57.15999984741211,56.869998931884766,57.119998931884766,56.880001068115234,823600.0,53.96000289916992
2017-06-06,57.209999084472656,56.77000045776367,57.0,56.81999969482422,1091200.0,53.90308380126953
2017-06-07,57.13999938964844,56.779998779296875,56.970001220703125,56.88999938964844,1362000.0,53.969486236572266
2017-06-08,56.88999938964844,55.869998931884766,56.88999938964844,56.349998474121094,1363500.0,53.457210540771484
2017-06-09,56.41999816894531,56.02000045776367,56.130001068115234,56.290000915527344,1169300.0,53.400291442871094
2017-06-12,56.16999816894531,55.79999923706055,56.0099983215332,56.130001068115234,1463800.0,53.66801071166992
2017-06-13,56.34000015258789,55.810001373291016,56.0099983215332,56.290000915527344,1024800.0,53.82099151611328
2017-06-14,56.900001525878906,56.220001220703125,56.66999816894531,56.40999984741211,755500.0,53.935726165771484
2017-06-15,56.630001068115234,56.22999954223633,56.40999984741211,56.47999954223633,1909100.0,54.00265884399414
2017-06-16,57.08000183105469,56.5099983215332,56.5099983215332,57.08000183105469,1802200.0,54.57633972167969
2017-06-19,57.13999938964844,56.599998474121094,57.13999938964844,56.790000915527344,811200.0,54.29905700683594
2017-06-20,57.099998474121094,56.68000030517578,56.84000015258789,57.09000015258789,1087200.0,54.585899353027344
2017-06-21,57.15999984741211,56.150001525878906,57.06999969482422,56.470001220703125,1136900.0,53.993099212646484
2017-06-22,56.52000045776367,56.2400016784668,56.40999984741211,56.27000045776367,840600.0,53.80186462402344
2017-06-23,56.45000076293945,55.84000015258789,56.27000045776367,55.939998626708984,973300.0,53.48634338378906
2017-06-26,56.63999938964844,55.68000030517578,55.720001220703125,56.43000030517578,1393000.0,53.95484924316406
2017-06-27,56.4900016784668,55.70000076293945,56.189998626708984,55.88999938964844,2075600.0,53.43853759765625
2017-06-28,56.310001373291016,55.27000045776367,56.11000061035156,55.33000183105469,1082800.0,52.903099060058594
2017-06-29,55.0,54.47999954223633,54.900001525878906,54.70000076293945,1567900.0,52.30073165893555
2017-06-30,54.959999084472656,54.380001068115234,54.72999954223633,54.66999816894531,1944800.0,52.27204513549805
2017-07-03,54.91999816894531,54.130001068115234,54.849998474121094,54.130001068115234,800000.0,51.755733489990234
2017-07-05,54.20000076293945,53.54999923706055,54.119998931884766,53.86000061035156,1475500.0,51.49757766723633
2017-07-06,53.81999969482422,53.540000915527344,53.70000076293945,53.75,1082600.0,51.392398834228516
2017-07-07,54.380001068115234,53.72999954223633,53.77000045776367,54.13999938964844,1156400.0,51.765289306640625
2017-07-10,54.40999984741211,53.900001525878906,54.189998626708984,53.95000076293945,1679700.0,51.58362579345703
2017-07-11,54.040000915527344,53.59000015258789,54.0099983215332,53.810001373291016,862100.0,51.449771881103516
2017-07-12,54.52000045776367,54.150001525878906,54.29999923706055,54.400001525878906,1144700.0,52.013893127441406
2017-07-13,54.369998931884766,53.790000915527344,54.369998931884766,54.09000015258789,1431100.0,51.71748733520508
2017-07-14,54.630001068115234,54.22999954223633,54.47999954223633,54.43000030517578,720500.0,52.04257583618164
2017-07-17,55.0099983215332,54.18000030517578,54.470001220703125,54.88999938964844,2809200.0,52.48239517211914
2017-07-18,55.540000915527344,54.810001373291016,54.939998626708984,55.36000061035156,2213400.0,52.93178176879883
2017-07-19,55.68000030517578,55.220001220703125,55.43000030517578,55.65999984741211,1134300.0,53.2186279296875
2017-07-20,56.290000915527344,55.650001525878906,55.86000061035156,56.13999938964844,1198300.0,53.67757034301758
2017-07-21,56.58000183105469,56.04999923706055,56.09000015258789,56.529998779296875,1243900.0,54.05046463012695
2017-07-24,56.66999816894531,55.79999923706055,56.52000045776367,55.91999816894531,1231400.0,53.46722412109375
2017-07-25,55.97999954223633,55.599998474121094,55.970001220703125,55.79999923706055,912900.0,53.352481842041016
2017-07-26,56.400001525878906,55.65999984741211,55.77000045776367,56.34000015258789,706400.0,53.868797302246094
2017-07-27,56.380001068115234,55.86000061035156,56.189998626708984,56.27000045776367,1092200.0,53.80186462402344
2017-07-28,56.349998474121094,55.970001220703125,56.349998474121094,56.15999984741211,715900.0,53.69669723510742
2017-07-31,56.369998931884766,56.02000045776367,56.15999984741211,56.099998474121094,1185800.0,53.63932418823242
2017-08-01,56.66999816894531,56.15999984741211,56.20000076293945,56.529998779296875,1278900.0,54.05046463012695
2017-08-02,56.81999969482422,56.20000076293945,56.36000061035156,56.72999954223633,904400.0,54.241695404052734
2017-08-03,57.0,56.400001525878906,56.54999923706055,57.0,1611200.0,54.49984359741211
2017-08-04,57.650001525878906,56.2599983215332,57.0,57.5,1307000.0,54.97791290283203
2017-08-07,58.150001525878906,57.54999923706055,57.56999969482422,57.939998626708984,2400700.0,55.39861297607422
2017-08-08,58.75,57.83000183105469,57.849998474121094,58.43000030517578,1657800.0,55.86712646484375
2017-08-09,58.619998931884766,57.849998474121094,58.56999969482422,58.08000183105469,1881400.0,55.53247833251953
2017-08-10,58.61000061035156,57.84000015258789,58.099998474121094,58.540000915527344,1401600.0,55.97230529785156
2017-08-11,58.4900016784668,57.779998779296875,58.45000076293945,57.95000076293945,1106400.0,55.408180236816406
2017-08-14,58.52000045776367,57.90999984741211,58.130001068115234,58.45000076293945,895600.0,55.88624954223633
2017-08-15,58.83000183105469,58.22999954223633,58.22999954223633,58.83000183105469,1178100.0,56.24958419799805
2017-08-16,59.16999816894531,58.68000030517578,58.810001373291016,59.13999938964844,1088900.0,56.54598617553711
2017-08-17,59.33000183105469,58.84000015258789,59.119998931884766,58.90999984741211,1366100.0,56.326072692871094
2017-08-18,59.75,58.560001373291016,58.810001373291016,59.209999084472656,1759000.0,56.612911224365234
2017-08-21,59.36000061035156,59.060001373291016,59.310001373291016,59.2599983215332,1293900.0,56.66072082519531
2017-08-22,59.9900016784668,59.130001068115234,59.22999954223633,59.90999984741211,1736500.0,57.28221130371094
2017-08-23,60.2599983215332,59.77000045776367,59.869998931884766,60.25,999500.0,57.6072998046875
2017-08-24,60.40999984741211,60.040000915527344,60.20000076293945,60.2599983215332,738300.0,57.61685562133789
2017-08-25,60.58000183105469,60.2599983215332,60.47999954223633,60.369998931884766,1089100.0,57.7220344543457
2017-08-28,60.65999984741211,60.290000915527344,60.560001373291016,60.56999969482422,588400.0,57.91325759887695
2017-08-29,60.790000915527344,60.38999938964844,60.650001525878906,60.41999816894531,842700.0,57.769840240478516
2017-08-30,60.52000045776367,60.13999938964844,60.34000015258789,60.29999923706055,712200.0,57.65510177612305
2017-08-31,60.54999923706055,59.869998931884766,60.29999923706055,59.9900016784668,2029100.0,57.35870361328125
2017-09-01,60.369998931884766,59.560001373291016,60.16999816894531,59.79999923706055,1177900.0,57.177040100097656
2017-09-05,60.0,59.630001068115234,59.84000015258789,59.86000061035156,1174800.0,57.23440933227539
2017-09-06,60.0,59.400001525878906,59.970001220703125,59.470001220703125,1458300.0,56.86151123046875
2017-09-07,59.90999984741211,59.310001373291016,59.52000045776367,59.880001068115234,1361500.0,57.25352096557617
2017-09-08,60.279998779296875,59.540000915527344,59.939998626708984,60.09000015258789,920200.0,57.454315185546875
2017-09-11,60.90999984741211,60.0099983215332,60.119998931884766,60.90999984741211,1194800.0,58.238346099853516
2017-09-12,60.310001373291016,59.22999954223633,60.279998779296875,59.45000076293945,1794600.0,57.25599670410156
2017-09-13,59.29999923706055,58.63999938964844,59.29999923706055,58.88999938964844,2736300.0,56.71665954589844
2017-09-14,59.560001373291016,58.59000015258789,58.810001373291016,59.560001373291016,1650300.0,57.361934661865234
2017-09-15,60.060001373291016,59.38999938964844,59.849998474121094,59.810001373291016,2251600.0,57.60271072387695
2017-09-18,59.849998474121094,58.79999923706055,59.849998474121094,59.25,1030500.0,57.06337356567383
2017-09-19,59.369998931884766,58.9900016784668,59.349998474121094,59.25,1607900.0,57.06337356567383
2017-09-20,59.540000915527344,58.470001220703125,59.33000183105469,58.7400016784668,1412100.0,56.57219696044922
2017-09-21,59.18000030517578,58.630001068115234,58.81999969482422,58.810001373291016,766100.0,56.63961410522461
2017-09-22,59.040000915527344,58.34000015258789,59.040000915527344,58.5099983215332,1123600.0,56.35068130493164
2017-09-25,59.779998779296875,58.54999923706055,58.58000183105469,59.380001068115234,2353500.0,57.18857192993164
2017-09-26,59.38999938964844,58.88999938964844,59.25,59.13999938964844,1367000.0,56.957427978515625
2017-09-27,58.91999816894531,57.79999923706055,58.65999984741211,57.91999816894531,2112400.0,55.78245544433594
2017-09-28,58.68000030517578,57.560001373291016,57.7599983215332,58.36000061035156,1855600.0,56.20621871948242
2017-09-29,58.459999084472656,57.779998779296875,58.15999984741211,57.84000015258789,1838800.0,55.70541000366211
2017-10-02,58.619998931884766,57.93000030517578,58.13999938964844,58.38999938964844,1383000.0,56.235111236572266
2017-10-03,58.349998474121094,57.66999816894531,58.349998474121094,57.93000030517578,1154700.0,55.792091369628906
2017-10-04,58.61000061035156,57.869998931884766,57.97999954223633,58.54999923706055,1189500.0,56.38920593261719
2017-10-05,58.869998931884766,58.31999969482422,58.540000915527344,58.84000015258789,1447600.0,56.66850280761719
2017-10-06,58.900001525878906,58.369998931884766,58.54999923706055,58.779998779296875,1178700.0,56.610713958740234
2017-10-09,59.150001525878906,58.79999923706055,58.880001068115234,59.150001525878906,892600.0,56.967063903808594
2017-10-10,59.88999938964844,59.040000915527344,59.27000045776367,59.86000061035156,1555500.0,57.65085983276367
2017-10-11,60.2400016784668,59.54999923706055,59.81999969482422,59.779998779296875,1362500.0,57.57381057739258
2017-10-12,60.38999938964844,59.65999984741211,59.790000915527344,60.34000015258789,1287200.0,58.1131477355957
2017-10-13,60.7400016784668,60.040000915527344,60.4900016784668,60.40999984741211,1159300.0,58.18055725097656
2017-10-16,61.040000915527344,60.130001068115234,60.29999923706055,60.63999938964844,1575100.0,58.402076721191406
2017-10-17,61.040000915527344,60.41999816894531,60.41999816894531,60.95000076293945,1130400.0,58.70063018798828
2017-10-18,61.11000061035156,60.689998626708984,60.810001373291016,61.0099983215332,882200.0,58.758419036865234
2017-10-19,61.56999969482422,61.02000045776367,61.02000045776367,61.560001373291016,832300.0,59.288124084472656
2017-10-20,61.7400016784668,61.220001220703125,61.4900016784668,61.560001373291016,955300.0,59.288124084472656
2017-10-23,61.7599983215332,61.38999938964844,61.689998626708984,61.720001220703125,923100.0,59.44221878051758
2017-10-24,61.81999969482422,61.40999984741211,61.61000061035156,61.72999954223633,838400.0,59.451847076416016
2017-10-25,61.709999084472656,60.52000045776367,61.5,61.099998474121094,1736100.0,58.8450927734375
2017-10-26,61.959999084472656,61.22999954223633,61.5,61.380001068115234,1298000.0,59.11476516723633
2017-10-27,61.810001373291016,61.16999816894531,61.380001068115234,61.79999923706055,968100.0,59.51926803588867
2017-10-30,62.0,61.58000183105469,61.79999923706055,61.83000183105469,688900.0,59.548160552978516
2017-10-31,62.13999938964844,61.630001068115234,61.709999084472656,61.9900016784668,1127700.0,59.70225524902344
2017-11-01,62.040000915527344,61.47999954223633,61.97999954223633,61.79999923706055,1253900.0,59.51926803588867
2017-11-02,62.4900016784668,61.75,61.88999938964844,62.31999969482422,2550200.0,60.02006912231445
2017-11-03,62.83000183105469,61.4900016784668,61.58000183105469,62.189998626708984,1979000.0,59.894874572753906
2017-11-06,62.689998626708984,61.95000076293945,62.40999984741211,62.119998931884766,1466000.0,59.82745361328125
2017-11-07,63.0099983215332,62.0099983215332,62.34000015258789,62.869998931884766,1450800.0,60.54977798461914
2017-11-08,63.150001525878906,62.290000915527344,62.77000045776367,62.65999984741211,1693700.0,60.34752655029297
2017-11-09,62.900001525878906,62.189998626708984,62.400001525878906,62.81999969482422,1000700.0,60.50162124633789
2017-11-10,62.77000045776367,62.16999816894531,62.459999084472656,62.47999954223633,1239800.0,60.17416763305664
2017-11-13,63.41999816894531,62.540000915527344,62.630001068115234,63.38999938964844,844800.0,61.05058288574219
2017-11-14,64.69999694824219,63.119998931884766,63.2599983215332,64.54000091552734,1078600.0,62.15814971923828
2017-11-15,64.88999938964844,63.93000030517578,64.66999816894531,64.05000305175781,979000.0,61.68622970581055
2017-11-16,64.20999908447266,63.52000045776367,64.0,63.63999938964844,1138600.0,61.291358947753906
2017-11-17,63.79999923706055,63.22999954223633,63.43000030517578,63.29999923706055,1211800.0,60.96390151977539
2017-11-20,63.5099983215332,63.029998779296875,63.439998626708984,63.15999984741211,860800.0,60.82907485961914
2017-11-21,63.65999984741211,63.13999938964844,63.380001068115234,63.15999984741211,1119000.0,60.82907485961914
2017-11-22,63.310001373291016,62.619998931884766,63.20000076293945,62.91999816894531,925900.0,60.597930908203125
2017-11-24,63.279998779296875,62.88999938964844,63.209999084472656,62.97999954223633,395000.0,60.65571594238281
2017-11-27,63.599998474121094,62.959999084472656,63.119998931884766,63.38999938964844,1168400.0,61.05058288574219
2017-11-28,63.91999816894531,63.529998779296875,63.529998779296875,63.849998474121094,622400.0,61.49361038208008
2017-11-29,64.23999786376953,63.470001220703125,63.720001220703125,63.68000030517578,916900.0,61.32988357543945
2017-11-30,64.18000030517578,63.70000076293945,63.70000076293945,63.959999084472656,3716100.0,61.59954833984375
2017-12-01,64.36000061035156,63.369998931884766,64.19000244140625,63.75,1113100.0,61.397300720214844
2017-12-04,64.0199966430664,62.97999954223633,63.900001525878906,63.09000015258789,1700500.0,60.76165771484375
2017-12-05,63.33000183105469,62.060001373291016,63.150001525878906,62.47999954223633,1768800.0,60.17416763305664
2017-12-06,62.83000183105469,62.38999938964844,62.630001068115234,62.709999084472656,1355200.0,60.39567947387695
2017-12-07,62.7400016784668,62.31999969482422,62.7400016784668,62.66999816894531,740600.0,60.35715103149414
2017-12-08,63.209999084472656,62.36000061035156,62.5099983215332,63.189998626708984,1222300.0,60.85796356201172
2017-12-11,63.709999084472656,62.900001525878906,62.900001525878906,63.65999984741211,787600.0,61.31061935424805
2017-12-12,63.150001525878906,61.29999923706055,63.09000015258789,61.36000061035156,1677400.0,59.52327346801758
2017-12-13,61.779998779296875,60.31999969482422,60.79999923706055,61.25,2028800.0,59.41656494140625
2017-12-14,61.27000045776367,60.599998474121094,61.150001525878906,60.83000183105469,1526800.0,59.00913619995117
2017-12-15,61.439998626708984,60.83000183105469,61.0,60.939998626708984,2832200.0,59.1158447265625
2017-12-18,61.220001220703125,60.15999984741211,60.939998626708984,60.40999984741211,1709700.0,58.601707458496094
2017-12-19,60.68000030517578,59.459999084472656,60.52000045776367,59.4900016784668,1536300.0,57.709251403808594
2017-12-20,59.689998626708984,58.63999938964844,59.4900016784668,58.689998626708984,1856400.0,56.93319320678711
2017-12-21,58.849998474121094,58.290000915527344,58.52000045776367,58.369998931884766,1649500.0,56.62277603149414
2017-12-22,58.83000183105469,58.52000045776367,58.61000061035156,58.689998626708984,1032000.0,56.93319320678711
2017-12-26,58.97999954223633,58.279998779296875,58.720001220703125,58.29999923706055,598000.0,56.554866790771484
2017-12-27,58.75,58.349998474121094,58.689998626708984,58.70000076293945,1081800.0,56.942893981933594
2017-12-28,59.150001525878906,58.58000183105469,58.810001373291016,59.150001525878906,1123100.0,57.37942886352539
2017-12-29,59.439998626708984,58.97999954223633,59.2400016784668,58.9900016784668,1193000.0,57.22421646118164
2018-01-02,59.029998779296875,58.15999984741211,58.97999954223633,58.38999938964844,1313800.0,56.64217758178711
2018-01-03,58.63999938964844,57.81999969482422,58.15999984741211,58.09000015258789,1373800.0,56.35115432739258
2018-01-04,58.5,57.31999969482422,57.959999084472656,57.43000030517578,1647500.0,55.710914611816406
2018-01-05,57.810001373291016,57.22999954223633,57.619998931884766,57.38999938964844,1321500.0,55.6721076965332
2018-01-08,58.09000015258789,57.279998779296875,57.61000061035156,58.06999969482422,964200.0,56.33175277709961
2018-01-09,57.9900016784668,57.22999954223633,57.900001525878906,57.31999969482422,1165300.0,55.60420227050781
2018-01-10,57.08000183105469,56.38999938964844,56.97999954223633,56.47999954223633,1017500.0,54.78935241699219
2018-01-11,56.75,55.88999938964844,56.70000076293945,56.150001525878906,1497700.0,54.4692268371582
2018-01-12,56.189998626708984,55.41999816894531,55.959999084472656,55.52000045776367,1385100.0,53.85808563232422
2018-01-16,55.91999816894531,54.83000183105469,55.66999816894531,55.459999084472656,1684900.0,53.79988098144531
2018-01-17,55.939998626708984,55.29999923706055,55.63999938964844,55.790000915527344,1593400.0,54.1200065612793
2018-01-18,55.790000915527344,54.91999816894531,55.7599983215332,55.38999938964844,1807700.0,53.731971740722656
2018-01-19,55.790000915527344,55.11000061035156,55.61000061035156,55.15999984741211,1450000.0,53.50886154174805
2018-01-22,55.84000015258789,55.2599983215332,55.470001220703125,55.29999923706055,1065600.0,53.64467239379883
2018-01-23,56.380001068115234,55.279998779296875,55.310001373291016,56.06999969482422,1351100.0,54.39162063598633
2018-01-24,56.16999816894531,55.66999816894531,56.02000045776367,55.7400016784668,2683600.0,54.071502685546875
2018-01-25,56.849998474121094,55.68000030517578,55.7400016784668,56.7400016784668,1849100.0,55.041568756103516
2018-01-26,57.09000015258789,56.2599983215332,56.869998931884766,56.91999816894531,1616600.0,55.2161750793457
2018-01-29,56.630001068115234,55.86000061035156,56.59000015258789,55.880001068115234,1270400.0,54.207305908203125
2018-01-30,56.33000183105469,55.72999954223633,55.90999984741211,56.09000015258789,1299600.0,54.4110221862793
2018-01-31,56.7400016784668,55.779998779296875,56.119998931884766,56.630001068115234,2066600.0,54.93486022949219
2018-02-01,56.619998931884766,54.959999084472656,56.619998931884766,55.209999084472656,3167100.0,53.5573616027832
2018-02-02,55.40999984741211,54.77000045776367,54.90999984741211,54.88999938964844,1440600.0,53.24694061279297
2018-02-05,55.540000915527344,54.0099983215332,54.91999816894531,54.150001525878906,1921600.0,52.529090881347656
2018-02-06,53.65999984741211,51.88999938964844,53.52000045776367,53.0,2420800.0,51.41351318359375
2018-02-07,53.81999969482422,52.79999923706055,53.0,53.189998626708984,2669900.0,51.59782791137695
2018-02-08,54.29999923706055,52.56999969482422,53.02000045776367,52.59000015258789,3938100.0,51.01578903198242
2018-02-09,55.720001220703125,53.04999923706055,53.06999969482422,55.41999816894531,4565100.0,53.761077880859375
2018-02-12,55.439998626708984,54.4900016784668,55.41999816894531,55.06999969482422,1789100.0,53.42155838012695
2018-02-13,55.45000076293945,54.31999969482422,54.849998474121094,55.25,1201100.0,53.596168518066406
2018-02-14,55.27000045776367,54.36000061035156,54.88999938964844,54.68000030517578,1410100.0,53.04322814941406
2018-02-15,56.27000045776367,54.77000045776367,54.869998931884766,56.2599983215332,2539100.0,54.57593536376953
2018-02-16,56.849998474121094,55.66999816894531,56.400001525878906,56.31999969482422,2605600.0,54.63413619995117
2018-02-20,56.27000045776367,54.79999923706055,56.02000045776367,55.08000183105469,2336500.0,53.43125534057617
2018-02-21,55.45000076293945,54.380001068115234,55.029998779296875,54.400001525878906,1740300.0,52.771610260009766
2018-02-22,55.31999969482422,54.22999954223633,54.68000030517578,54.59000015258789,1655200.0,52.95592498779297
2018-02-23,56.38999938964844,54.630001068115234,54.70000076293945,56.349998474121094,1993800.0,54.663238525390625
2018-02-26,56.459999084472656,55.380001068115234,56.380001068115234,55.75,1448200.0,54.081199645996094
2018-02-27,56.29999923706055,54.79999923706055,55.93000030517578,54.88999938964844,1838900.0,53.24694061279297
2018-02-28,55.2400016784668,54.279998779296875,55.119998931884766,54.29999923706055,1849300.0,52.67460250854492
2018-03-01,54.84000015258789,53.68000030517578,54.279998779296875,53.959999084472656,1844600.0,52.34477996826172
2018-03-02,54.619998931884766,53.470001220703125,54.04999923706055,54.029998779296875,1444500.0,52.41268539428711
2018-03-05,55.31999969482422,53.68000030517578,53.939998626708984,55.119998931884766,1915100.0,53.470054626464844
2018-03-06,55.02000045776367,53.869998931884766,55.02000045776367,53.939998626708984,1719600.0,52.325374603271484
2018-03-07,54.0,53.08000183105469,53.77000045776367,53.58000183105469,1800600.0,51.97616195678711
2018-03-08,54.08000183105469,53.58000183105469,53.84000015258789,53.86000061035156,1030300.0,52.247779846191406
2018-03-09,54.060001373291016,53.43000030517578,53.81999969482422,53.9900016784668,2056400.0,52.37388610839844
2018-03-12,54.599998474121094,54.099998474121094,54.150001525878906,54.40999984741211,1559000.0,52.781307220458984
2018-03-13,54.650001525878906,53.880001068115234,54.13999938964844,54.09000015258789,1603000.0,52.91582489013672
2018-03-14,54.869998931884766,54.189998626708984,54.220001220703125,54.630001068115234,2063000.0,53.4441032409668
2018-03-15,55.43000030517578,54.529998779296875,54.65999984741211,54.77000045776367,1513900.0,53.5810661315918
2018-03-16,55.63999938964844,54.869998931884766,54.880001068115234,55.4900016784668,2834400.0,54.285438537597656
2018-03-19,55.790000915527344,54.93000030517578,55.47999954223633,55.20000076293945,1135100.0,54.001731872558594
2018-03-20,55.540000915527344,54.9900016784668,55.279998779296875,55.130001068115234,975800.0,53.933250427246094
2018-03-21,55.88999938964844,54.77000045776367,55.27000045776367,54.900001525878906,1126700.0,53.70824432373047
2018-03-22,55.959999084472656,54.720001220703125,54.880001068115234,54.91999816894531,1237700.0,53.727806091308594
2018-03-23,55.5099983215332,53.90999984741211,55.08000183105469,54.0099983215332,1240700.0,52.83755874633789
2018-03-26,54.95000076293945,54.099998474121094,54.29999923706055,54.849998474121094,1328900.0,53.65932846069336
2018-03-27,56.66999816894531,54.77000045776367,55.06999969482422,55.880001068115234,1787500.0,54.666969299316406
2018-03-28,56.5099983215332,55.790000915527344,56.06999969482422,55.939998626708984,1322800.0,54.72566223144531
2018-03-29,56.790000915527344,55.970001220703125,55.970001220703125,56.630001068115234,2023800.0,55.40068817138672
2018-04-02,57.65999984741211,56.220001220703125,57.08000183105469,56.689998626708984,2217700.0,55.45938491821289
2018-04-03,57.459999084472656,56.290000915527344,56.61000061035156,57.13999938964844,2083100.0,55.89961624145508
2018-04-04,57.08000183105469,56.150001525878906,56.91999816894531,56.810001373291016,2216600.0,55.5767822265625
2018-04-05,57.650001525878906,56.5,56.88999938964844,57.439998626708984,3252900.0,56.1931037902832
2018-04-06,57.91999816894531,56.86000061035156,57.529998779296875,57.130001068115234,2826100.0,55.889835357666016
2018-04-09,57.54999923706055,56.70000076293945,57.119998931884766,56.959999084472656,1366900.0,55.7235221862793
2018-04-10,57.119998931884766,56.18000030517578,57.0099983215332,56.20000076293945,1294000.0,54.98002243041992
2018-04-11,56.41999816894531,55.72999954223633,56.150001525878906,56.0099983215332,1246200.0,54.79414367675781
2018-04-12,56.18000030517578,55.0099983215332,56.04999923706055,55.33000183105469,1128400.0,54.128910064697266
2018-04-13,55.83000183105469,55.2599983215332,55.58000183105469,55.5099983215332,1585500.0,54.304996490478516
2018-04-16,56.4900016784668,55.66999816894531,55.689998626708984,56.36000061035156,1651500.0,55.13655090332031
2018-04-17,57.150001525878906,56.2400016784668,56.41999816894531,56.88999938964844,1242900.0,55.6550407409668
2018-04-18,57.4900016784668,56.529998779296875,57.060001373291016,56.560001373291016,1277900.0,55.33220672607422
2018-04-19,56.90999984741211,56.31999969482422,56.400001525878906,56.849998474121094,885400.0,55.615909576416016
2018-04-20,56.72999954223633,56.029998779296875,56.72999954223633,56.27000045776367,1007700.0,55.04850387573242
2018-04-23,57.15999984741211,56.29999923706055,56.4900016784668,56.630001068115234,1487500.0,55.40068817138672
2018-04-24,57.560001373291016,56.5,56.540000915527344,57.20000076293945,1678500.0,55.958316802978516
2018-04-25,57.75,56.79999923706055,57.09000015258789,57.209999084472656,1208000.0,55.96809387207031
2018-04-26,57.959999084472656,56.95000076293945,57.22999954223633,57.869998931884766,895900.0,56.61376953125
2018-04-27,58.720001220703125,57.72999954223633,57.7400016784668,58.599998474121094,1226500.0,57.32792282104492
2018-04-30,58.95000076293945,58.439998626708984,58.77000045776367,58.619998931884766,1504500.0,57.34748840332031
2018-05-01,58.84000015258789,58.279998779296875,58.65999984741211,58.33000183105469,1177900.0,57.06378936767578
2018-05-02,58.68000030517578,58.02000045776367,58.33000183105469,58.380001068115234,874300.0,57.112701416015625
2018-05-03,58.93000030517578,57.650001525878906,58.279998779296875,58.7400016784668,918400.0,57.46488952636719
2018-05-04,59.18000030517578,58.68000030517578,58.810001373291016,58.900001525878906,808600.0,57.62141418457031
2018-05-07,58.97999954223633,58.439998626708984,58.880001068115234,58.540000915527344,1053500.0,57.26922607421875
2018-05-08,58.31999969482422,56.75,58.25,56.90999984741211,1751800.0,55.67461013793945
2018-05-09,57.77000045776367,56.08000183105469,57.7599983215332,56.220001220703125,1818300.0,54.99958801269531
2018-05-10,56.720001220703125,56.06999969482422,56.68000030517578,56.34000015258789,1540800.0,55.116981506347656
2018-05-11,57.029998779296875,56.31999969482422,56.43000030517578,56.869998931884766,1674100.0,55.63547897338867
2018-05-14,57.060001373291016,56.08000183105469,56.97999954223633,56.59000015258789,1447100.0,55.36155700683594
2018-05-15,56.66999816894531,56.08000183105469,56.31999969482422,56.41999816894531,1768800.0,55.195247650146484
2018-05-16,56.58000183105469,55.81999969482422,56.40999984741211,55.939998626708984,1593700.0,54.72566223144531
2018-05-17,56.2599983215332,55.720001220703125,56.0099983215332,55.84000015258789,1604700.0,54.627838134765625
2018-05-18,56.5099983215332,55.79999923706055,55.95000076293945,56.2599983215332,1662400.0,55.038719177246094
2018-05-21,56.47999954223633,55.79999923706055,56.29999923706055,56.34000015258789,980100.0,55.116981506347656
2018-05-22,57.459999084472656,56.0099983215332,57.459999084472656,56.70000076293945,1205800.0,55.46916580200195
2018-05-23,57.93000030517578,57.02000045776367,57.06999969482422,57.88999938964844,2566200.0,56.63333511352539
2018-05-24,59.22999954223633,58.11000061035156,58.29999923706055,58.779998779296875,2021300.0,57.50401306152344
2018-05-25,58.970001220703125,58.459999084472656,58.810001373291016,58.869998931884766,1347100.0,57.592063903808594
2018-05-29,59.310001373291016,58.56999969482422,58.939998626708984,58.83000183105469,2019100.0,57.55293273925781
2018-05-30,59.5099983215332,58.560001373291016,58.560001373291016,59.38999938964844,1344200.0,58.100772857666016
2018-05-31,59.790000915527344,58.939998626708984,59.22999954223633,59.189998626708984,1628600.0,57.905113220214844
2018-06-01,59.099998474121094,58.060001373291016,59.06999969482422,58.11000061035156,2214700.0,56.84856033325195
2018-06-04,58.59000015258789,57.7599983215332,58.400001525878906,57.97999954223633,1280400.0,56.72138214111328
2018-06-05,58.18000030517578,57.2599983215332,58.0099983215332,57.40999984741211,1607200.0,56.16375732421875
2018-06-06,57.790000915527344,56.470001220703125,57.720001220703125,56.56999969482422,2065300.0,55.34198760986328
2018-06-07,57.36000061035156,56.189998626708984,56.599998474121094,56.900001525878906,1871900.0,55.66482925415039
2018-06-08,57.31999969482422,56.52000045776367,57.130001068115234,56.689998626708984,1396100.0,55.45938491821289
2018-06-11,57.02000045776367,55.68000030517578,56.86000061035156,55.75,1952500.0,54.539791107177734
2018-06-12,56.13999938964844,55.209999084472656,55.43000030517578,56.060001373291016,2307800.0,55.29684066772461
2018-06-13,56.33000183105469,55.63999938964844,56.13999938964844,55.7599983215332,1874500.0,55.00092315673828
2018-06-14,56.470001220703125,55.810001373291016,55.81999969482422,56.369998931884766,1619600.0,55.60261917114258
2018-06-15,57.02000045776367,56.02000045776367,56.290000915527344,56.970001220703125,3256700.0,56.194454193115234
2018-06-18,57.77000045776367,56.970001220703125,56.97999954223633,57.63999938964844,2136300.0,56.85533142089844
2018-06-19,58.40999984741211,57.66999816894531,57.70000076293945,58.279998779296875,1619300.0,57.48661804199219
2018-06-20,58.38999938964844,57.93000030517578,58.27000045776367,58.310001373291016,1356600.0,57.516212463378906
2018-06-21,58.650001525878906,58.18000030517578,58.310001373291016,58.5099983215332,737800.0,57.71348571777344
2018-06-22,58.81999969482422,58.27000045776367,58.470001220703125,58.68000030517578,1528900.0,57.88117218017578
2018-06-25,59.77000045776367,58.7400016784668,58.7400016784668,59.650001525878906,1625400.0,58.83797073364258
2018-06-26,60.11000061035156,59.4900016784668,59.4900016784668,59.939998626708984,1554400.0,59.1240234375
2018-06-27,60.630001068115234,59.70000076293945,59.83000183105469,60.4900016784668,1306400.0,59.666534423828125
2018-06-28,61.099998474121094,60.40999984741211,60.72999954223633,60.84000015258789,2457900.0,60.01177215576172
2018-06-29,61.25,60.22999954223633,60.599998474121094,60.849998474121094,2667300.0,60.02163314819336
2018-07-02,61.279998779296875,60.4900016784668,60.88999938964844,61.220001220703125,1203500.0,60.3865966796875
2018-07-03,61.709999084472656,60.95000076293945,61.18000030517578,61.22999954223633,677000.0,60.396461486816406
2018-07-05,61.54999923706055,61.08000183105469,61.25,61.54999923706055,1046500.0,60.712100982666016
2018-07-06,62.150001525878906,61.540000915527344,61.560001373291016,62.029998779296875,1171600.0,61.185569763183594
2018-07-09,62.02000045776367,59.7599983215332,62.02000045776367,59.970001220703125,1782100.0,59.15361404418945
2018-07-10,60.810001373291016,59.150001525878906,59.400001525878906,60.5,2111000.0,59.676395416259766
2018-07-11,61.47999954223633,60.38999938964844,60.560001373291016,61.380001068115234,1423900.0,60.54441833496094
2018-07-12,61.5,60.790000915527344,61.41999816894531,61.369998931884766,1381100.0,60.53455352783203
2018-07-13,61.459999084472656,60.97999954223633,61.369998931884766,61.38999938964844,978600.0,60.55427932739258
2018-07-16,61.59000015258789,61.09000015258789,61.41999816894531,61.34000015258789,870200.0,60.50496292114258
2018-07-17,61.58000183105469,61.040000915527344,61.560001373291016,61.27000045776367,757800.0,60.4359130859375
2018-07-18,61.27000045776367,60.72999954223633,61.2400016784668,61.06999969482422,1000500.0,60.23863983154297
2018-07-19,61.97999954223633,61.16999816894531,61.380001068115234,61.709999084472656,676400.0,60.86992645263672
2018-07-20,61.709999084472656,60.7599983215332,61.33000183105469,61.34000015258789,903100.0,60.50496292114258
2018-07-23,61.45000076293945,60.56999969482422,61.40999984741211,60.93000030517578,746600.0,60.10054397583008
2018-07-24,61.060001373291016,59.939998626708984,60.619998931884766,61.0,1331200.0,60.16958999633789
2018-07-25,61.52000045776367,60.689998626708984,60.90999984741211,61.36000061035156,1402000.0,60.52469253540039
2018-07-26,62.29999923706055,61.7599983215332,61.810001373291016,62.150001525878906,1325400.0,61.30393981933594
2018-07-27,62.40999984741211,61.75,62.150001525878906,61.939998626708984,1251900.0,61.09679412841797
2018-07-30,61.86000061035156,61.27000045776367,61.86000061035156,61.41999816894531,787800.0,60.58386993408203
2018-07-31,62.11000061035156,61.38999938964844,61.70000076293945,62.060001373291016,1922500.0,61.21516036987305
2018-08-01,61.880001068115234,60.779998779296875,61.560001373291016,61.36000061035156,1492000.0,60.52469253540039
2018-08-02,61.95000076293945,60.900001525878906,61.36000061035156,61.77000045776367,1631700.0,60.92911148071289
2018-08-03,62.7599983215332,61.06999969482422,62.0,62.45000076293945,1512400.0,61.599853515625
2018-08-06,62.86000061035156,62.290000915527344,62.68000030517578,62.56999969482422,1200500.0,61.71821594238281
2018-08-07,62.75,61.959999084472656,62.43000030517578,62.59000015258789,1162400.0,61.737945556640625
2018-08-08,62.86000061035156,62.33000183105469,62.43000030517578,62.599998474121094,899200.0,61.747806549072266
2018-08-09,62.900001525878906,62.369998931884766,62.65999984741211,62.83000183105469,941200.0,61.97467803955078
2018-08-10,63.40999984741211,62.70000076293945,62.9900016784668,62.779998779296875,935500.0,61.925357818603516
2018-08-13,63.06999969482422,62.599998474121094,62.84000015258789,62.9900016784668,887000.0,62.132503509521484
2018-08-14,63.43000030517578,62.7599983215332,62.88999938964844,63.099998474121094,1007300.0,62.24100112915039
2018-08-15,64.06999969482422,62.97999954223633,63.290000915527344,63.61000061035156,1080500.0,62.74406051635742
2018-08-16,64.47000122070312,63.29999923706055,63.54999923706055,64.44999694824219,2197100.0,63.57262420654297
2018-08-17,64.95999908447266,64.19000244140625,64.3499984741211,64.76000213623047,1795900.0,63.87841033935547
2018-08-20,65.08999633789062,64.37000274658203,64.9800033569336,64.56999969482422,1106900.0,63.69099044799805
2018-08-21,64.47000122070312,63.900001525878906,64.47000122070312,64.20999908447266,1162500.0,63.33589172363281
2018-08-22,64.30999755859375,63.27000045776367,64.20999908447266,63.560001373291016,957600.0,62.69474411010742
2018-08-23,64.06999969482422,63.41999816894531,63.63999938964844,63.650001525878906,1175200.0,62.78351593017578
2018-08-24,64.0199966430664,63.279998779296875,63.63999938964844,63.9900016784668,862700.0,63.11888885498047
2018-08-27,64.20999908447266,63.040000915527344,64.06999969482422,63.369998931884766,714000.0,62.50732421875
2018-08-28,63.33000183105469,62.810001373291016,63.22999954223633,63.220001220703125,1504000.0,62.359371185302734
2018-08-29,63.4900016784668,63.060001373291016,63.27000045776367,63.459999084472656,1282700.0,62.59610366821289
2018-08-30,63.869998931884766,63.36000061035156,63.58000183105469,63.54999923706055,1563000.0,62.68487548828125
2018-08-31,63.959999084472656,63.02000045776367,63.650001525878906,63.22999954223633,1020900.0,62.369232177734375
2018-09-04,63.93000030517578,63.400001525878906,63.45000076293945,63.75,1054000.0,62.88215255737305
2018-09-05,65.0,63.79999923706055,63.84000015258789,64.94999694824219,1369000.0,64.0658187866211
2018-09-06,65.87000274658203,64.73999786376953,65.08000183105469,65.62000274658203,2303600.0,64.72669982910156
2018-09-07,65.66999816894531,64.93000030517578,65.11000061035156,65.33999633789062,2299000.0,64.45050811767578
2018-09-10,66.11000061035156,65.44000244140625,65.69000244140625,65.9000015258789,1689200.0,65.00288391113281
2018-09-11,65.9800033569336,65.2300033569336,65.62000274658203,65.3499984741211,2620900.0,64.91100311279297
2018-09-12,65.83000183105469,65.16999816894531,65.5199966430664,65.37000274658203,2322700.0,64.93087768554688
2018-09-13,65.7300033569336,65.02999877929688,65.3499984741211,65.70999908447266,1701500.0,65.26858520507812
2018-09-14,65.44999694824219,64.58000183105469,65.31999969482422,65.41000366210938,1918500.0,64.97061157226562
2018-09-17,65.54000091552734,64.94000244140625,65.51000213623047,65.23999786376953,1523600.0,64.80174255371094
2018-09-18,65.3499984741211,64.45999908447266,65.12999725341797,65.05999755859375,1869700.0,64.62295532226562
2018-09-19,65.0199966430664,63.220001220703125,65.0199966430664,63.90999984741211,5685300.0,63.48067855834961
2018-09-20,64.20999908447266,63.13999938964844,63.7400016784668,64.12999725341797,1710500.0,63.69919967651367
2018-09-21,64.58999633789062,63.59000015258789,63.849998474121094,64.41999816894531,2761200.0,63.98725128173828
2018-09-24,64.51000213623047,63.720001220703125,64.2699966430664,63.7599983215332,1403100.0,63.331687927246094
2018-09-25,63.709999084472656,62.75,63.68000030517578,63.02000045776367,1719600.0,62.59666061401367
2018-09-26,63.119998931884766,62.060001373291016,62.86000061035156,62.13999938964844,2079600.0,61.72256851196289
2018-09-27,62.900001525878906,62.13999938964844,62.349998474121094,62.56999969482422,1307400.0,62.149681091308594
2018-09-28,63.22999954223633,62.4900016784668,62.4900016784668,63.220001220703125,1736000.0,62.795318603515625
2018-10-01,63.41999816894531,62.70000076293945,63.06999969482422,63.290000915527344,1545200.0,62.864845275878906
2018-10-02,64.47000122070312,63.470001220703125,63.4900016784668,64.3499984741211,1393500.0,63.917724609375
2018-10-03,64.66000366210938,63.08000183105469,64.29000091552734,63.689998626708984,1367200.0,63.26215744018555
2018-10-04,64.08000183105469,62.869998931884766,63.400001525878906,63.900001525878906,1343500.0,63.47074890136719
2018-10-05,65.29000091552734,63.939998626708984,63.939998626708984,65.0999984741211,1464100.0,64.66268157958984
2018-10-08,66.36000061035156,65.06999969482422,65.25,65.6500015258789,1524800.0,65.20899200439453
2018-10-09,66.63999938964844,65.58999633789062,65.76000213623047,66.33000183105469,1625900.0,65.8844223022461
2018-10-10,67.05999755859375,65.9000015258789,66.27999877929688,65.94000244140625,1456700.0,65.4970474243164
2018-10-11,66.4000015258789,63.869998931884766,66.19999694824219,64.04000091552734,2287000.0,63.60980987548828
2018-10-12,64.06999969482422,63.09000015258789,63.90999984741211,63.79999923706055,2406300.0,63.37141799926758
2018-10-15,64.31999969482422,63.56999969482422,63.81999969482422,63.81999969482422,1897700.0,63.39128494262695
2018-10-16,65.08000183105469,63.52000045776367,63.77000045776367,64.77999877929688,1026500.0,64.34483337402344
2018-10-17,65.19000244140625,64.41999816894531,64.8499984741211,64.76000213623047,1208000.0,64.3249740600586
2018-10-18,65.20999908447266,64.62000274658203,64.87000274658203,64.94000244140625,990700.0,64.5037612915039
2018-10-19,66.33999633789062,64.94000244140625,64.94000244140625,66.05000305175781,1230100.0,65.60630798339844
2018-10-22,66.0999984741211,65.30999755859375,65.86000061035156,65.6500015258789,1561600.0,65.20899200439453
2018-10-23,66.41000366210938,65.37999725341797,66.02999877929688,65.48999786376953,1910400.0,65.05006408691406
2018-10-24,67.2300033569336,65.4000015258789,65.75,66.79000091552734,1532100.0,66.3413314819336
2018-10-25,66.44999694824219,65.29000091552734,66.44999694824219,65.69000244140625,1874400.0,65.24872589111328
2018-10-26,66.25,63.84000015258789,65.97000122070312,64.4000015258789,2467100.0,63.96739196777344
2018-10-29,65.41999816894531,64.4800033569336,64.4800033569336,65.19999694824219,1052700.0,64.76200866699219
2018-10-30,65.80999755859375,64.55999755859375,65.54000091552734,65.0,1481200.0,64.56336212158203
2018-10-31,65.62999725341797,63.529998779296875,64.3499984741211,64.58000183105469,2464200.0,64.14617919921875
2018-11-01,64.94000244140625,63.68000030517578,64.94000244140625,64.3499984741211,1701900.0,63.917724609375
2018-11-02,64.80000305175781,63.31999969482422,64.62999725341797,63.61000061035156,1429900.0,63.18269729614258
2018-11-05,64.88999938964844,63.83000183105469,63.970001220703125,64.6500015258789,1169800.0,64.21571350097656
2018-11-06,65.12000274658203,64.5199966430664,64.6500015258789,65.06999969482422,1130700.0,64.63288879394531
2018-11-07,66.0999984741211,64.87000274658203,65.38999938964844,66.04000091552734,1453400.0,65.59637451171875
2018-11-08,66.33000183105469,65.30999755859375,65.9800033569336,66.30000305175781,1463600.0,65.85462951660156
2018-11-09,67.5,66.22000122070312,66.33000183105469,67.31999969482422,1380400.0,66.8677749633789
2018-11-12,68.94999694824219,67.16000366210938,67.26000213623047,68.38999938964844,1889300.0,67.93058776855469
2018-11-13,69.01000213623047,67.94999694824219,68.44999694824219,68.83000183105469,1186200.0,68.36763000488281
2018-11-14,69.19999694824219,68.22000122070312,68.48999786376953,68.73999786376953,1426800.0,68.27823638916016
2018-11-15,69.47000122070312,67.47000122070312,68.33999633789062,69.38999938964844,1853000.0,68.92386627197266
2018-11-16,70.36000061035156,69.16999816894531,70.0,69.30000305175781,1651900.0,68.83447265625
2018-11-19,69.77999877929688,69.22000122070312,69.3499984741211,69.73999786376953,2242700.0,69.27151489257812
2018-11-20,70.68000030517578,68.87999725341797,69.98999786376953,69.0,1576100.0,68.53649139404297
2018-11-21,68.94999694824219,67.33999633789062,68.81999969482422,67.5199966430664,1420400.0,67.0664291381836
2018-11-23,67.94000244140625,67.19999694824219,67.63999938964844,67.75,586800.0,67.29488372802734
2018-11-26,68.0999984741211,67.05999755859375,67.87000274658203,67.81999969482422,1085300.0,67.36441802978516
2018-11-27,68.72000122070312,67.26000213623047,67.77999877929688,68.68000030517578,1386500.0,68.21863555908203
2018-11-28,68.98999786376953,68.04000091552734,68.72000122070312,68.11000061035156,911800.0,67.6524658203125
2018-11-29,67.93000030517578,67.30999755859375,67.58000183105469,67.81999969482422,1278800.0,67.36441802978516
2018-11-30,68.69000244140625,67.5999984741211,68.0199966430664,68.62000274658203,2389800.0,68.15904235839844
2018-12-03,69.80000305175781,67.91000366210938,68.31999969482422,69.80000305175781,1561600.0,69.33111572265625
2018-12-04,70.94999694824219,69.77999877929688,70.0,70.04000091552734,1292000.0,69.56950378417969
2018-12-06,70.43000030517578,68.68000030517578,70.33999633789062,70.16000366210938,1923800.0,69.6886978149414
2018-12-07,70.66999816894531,69.5,70.13999938964844,70.41999816894531,1106900.0,69.94694519042969
2018-12-10,70.94000244140625,69.30000305175781,70.55000305175781,70.70999908447266,909300.0,70.23500061035156
2018-12-11,70.55999755859375,69.88999938964844,70.41000366210938,70.29000091552734,1042300.0,70.29000091552734
2018-12-12,70.63999938964844,69.5999984741211,70.37000274658203,69.83999633789062,1024900.0,69.83999633789062
2018-12-13,70.72000122070312,69.86000061035156,69.86000061035156,70.44000244140625,1089900.0,70.44000244140625
2018-12-14,70.86000061035156,69.5199966430664,70.62000274658203,69.80999755859375,1432800.0,69.80999755859375
2018-12-17,70.08999633789062,67.08999633789062,70.05000305175781,67.30999755859375,2086800.0,67.30999755859375
2018-12-18,68.25,67.08000183105469,67.52999877929688,67.37999725341797,1873300.0,67.37999725341797
2018-12-19,68.23999786376953,66.93000030517578,67.68000030517578,67.20999908447266,1267200.0,67.20999908447266
2018-12-20,68.29000091552734,66.11000061035156,67.26000213623047,67.02999877929688,2116800.0,67.02999877929688
2018-12-21,68.55000305175781,66.58000183105469,66.58000183105469,66.94000244140625,3520500.0,66.94000244140625
2018-12-24,67.44000244140625,63.029998779296875,67.06999969482422,63.2400016784668,664300.0,63.2400016784668
2018-12-26,64.4000015258789,62.5099983215332,63.369998931884766,64.3499984741211,1004800.0,64.3499984741211
2018-12-27,65.30999755859375,63.33000183105469,64.41000366210938,65.30000305175781,1396000.0,65.30000305175781
2018-12-28,65.95999908447266,64.68000030517578,65.43000030517578,64.94000244140625,847600.0,64.94000244140625
2018-12-31,65.27999877929688,64.30999755859375,65.05999755859375,65.2300033569336,935100.0,65.2300033569336
2019-01-02,65.12000274658203,63.130001068115234,65.06999969482422,63.529998779296875,1325200.0,63.529998779296875
2019-01-03,64.20999908447266,63.33000183105469,63.4900016784668,63.689998626708984,1362900.0,63.689998626708984
2019-01-04,64.79000091552734,63.279998779296875,63.45000076293945,64.58999633789062,1691100.0,64.58999633789062
2019-01-07,64.69999694824219,63.68000030517578,64.2300033569336,63.849998474121094,2235500.0,63.849998474121094
2019-01-08,64.94000244140625,63.689998626708984,64.0199966430664,64.86000061035156,1268800.0,64.86000061035156
2019-01-09,65.02999877929688,64.0999984741211,64.63999938964844,64.37999725341797,1501000.0,64.37999725341797
2019-01-10,65.86000061035156,64.2699966430664,64.52999877929688,65.80999755859375,1080100.0,65.80999755859375
2019-01-11,65.88999938964844,65.08000183105469,65.70999908447266,65.55000305175781,873700.0,65.55000305175781
2019-01-14,65.1500015258789,64.16999816894531,64.87000274658203,64.95999908447266,1499500.0,64.95999908447266
2019-01-15,66.66000366210938,64.66999816894531,64.7699966430664,66.04000091552734,1794900.0,66.04000091552734
2019-01-16,66.72000122070312,65.47000122070312,65.72000122070312,66.66999816894531,1405800.0,66.66999816894531
2019-01-17,67.13999938964844,66.54000091552734,66.7300033569336,67.05999755859375,1255100.0,67.05999755859375
2019-01-18,67.37999725341797,66.83000183105469,67.02999877929688,67.23999786376953,1138900.0,67.23999786376953
2019-01-22,67.9000015258789,66.73999786376953,67.3499984741211,67.58000183105469,1495800.0,67.58000183105469
2019-01-23,68.12000274658203,67.4800033569336,67.6500015258789,68.0999984741211,1205200.0,68.0999984741211
2019-01-24,68.81999969482422,67.48999786376953,68.2300033569336,68.75,1101900.0,68.75
2019-01-25,69.02999877929688,67.79000091552734,68.43000030517578,67.94000244140625,1220500.0,67.94000244140625
2019-01-28,68.30000305175781,67.27999877929688,68.0199966430664,67.66000366210938,943700.0,67.66000366210938
2019-01-29,68.25,67.27999877929688,67.87999725341797,67.47000122070312,1544100.0,67.47000122070312
2019-01-30,68.30000305175781,66.97000122070312,67.19000244140625,67.94000244140625,1117500.0,67.94000244140625
2019-01-31,69.62000274658203,67.51000213623047,67.79000091552734,69.33999633789062,2230300.0,69.33999633789062
2019-02-01,69.33999633789062,68.20999908447266,69.33999633789062,68.8499984741211,1157300.0,68.8499984741211
2019-02-04,69.0,67.9000015258789,68.51000213623047,68.98999786376953,1645600.0,68.98999786376953
2019-02-05,68.9800033569336,68.37000274658203,68.79000091552734,68.83999633789062,1277600.0,68.83999633789062
2019-02-06,69.05999755859375,68.4800033569336,68.77999877929688,68.88999938964844,861400.0,68.88999938964844
2019-02-07,69.7300033569336,68.72000122070312,68.86000061035156,69.72000122070312,1280700.0,69.72000122070312
2019-02-08,70.4800033569336,69.4800033569336,69.5999984741211,70.47000122070312,921600.0,70.47000122070312
2019-02-11,70.95999908447266,70.33999633789062,70.48999786376953,70.76000213623047,1455300.0,70.76000213623047
2019-02-12,71.08000183105469,70.02999877929688,70.66000366210938,70.19000244140625,2108200.0,70.19000244140625
2019-02-13,70.13999938964844,69.80000305175781,69.80000305175781,70.05999755859375,1663900.0,70.05999755859375
2019-02-14,69.9000015258789,68.26000213623047,68.69999694824219,69.02999877929688,2081000.0,69.02999877929688
2019-02-15,69.97000122070312,69.29000091552734,69.54000091552734,69.68000030517578,1979100.0,69.68000030517578
2019-02-19,70.38999938964844,69.5999984741211,69.72000122070312,70.08999633789062,1241400.0,70.08999633789062
2019-02-20,70.48500061035156,69.55999755859375,70.0,70.3499984741211,862300.0,70.3499984741211
